"X","Y","Z","TimeStep1 - temperature field","TimeStep2 - temperature field","TimeStep3 - temperature field","TimeStep4 - temperature field","TimeStep5 - temperature field","TimeStep6 - temperature field","TimeStep7 - temperature field","TimeStep8 - temperature field","TimeStep9 - temperature field","TimeStep10 - temperature field","TimeStep11 - temperature field","TimeStep12 - temperature field","TimeStep13 - temperature field","TimeStep14 - temperature field","TimeStep15 - temperature field","TimeStep16 - temperature field","TimeStep17 - temperature field","TimeStep18 - temperature field","TimeStep19 - temperature field","TimeStep20 - temperature field","TimeStep21 - temperature field","TimeStep22 - temperature field","TimeStep23 - temperature field","TimeStep24 - temperature field","TimeStep25 - temperature field","TimeStep26 - temperature field","TimeStep27 - temperature field","TimeStep28 - temperature field","TimeStep29 - temperature field","TimeStep30 - temperature field","TimeStep31 - temperature field","TimeStep32 - temperature field","TimeStep33 - temperature field","TimeStep34 - temperature field","TimeStep35 - temperature field","TimeStep36 - temperature field","TimeStep37 - temperature field","TimeStep38 - temperature field","TimeStep39 - temperature field","TimeStep40 - temperature field","TimeStep41 - temperature field","TimeStep42 - temperature field","TimeStep43 - temperature field","TimeStep44 - temperature field","TimeStep45 - temperature field","TimeStep46 - temperature field","TimeStep47 - temperature field","TimeStep48 - temperature field","TimeStep49 - temperature field"
0.0,0.0,0.0,299.99999999999955,299.99999999999955,299.99999999999955,299.99999999999955,299.99999999999955,299.99999999999955,299.99999999999955,299.99999999999955,299.99999999999955,299.99999999999955,299.99999999999955,299.99999999999955,299.99999999999955,299.99999999999955,299.99999999999955,299.99999999999955,299.99999999999955,299.99999999999955,299.99999999999955,299.99999999999955,299.99999999999955,299.99999999999955,299.99999999999955,299.99999999999955,299.99999999999955,299.99999999999955,299.99999999999955,299.99999999999955,299.99999999999955,299.99999999999955,299.99999999999955,299.99999999999955,299.99999999999955,299.99999999999955,299.99999999999955,299.99999999999955,299.99999999999955,299.99999999999955,299.99999999999955,299.99999999999955,299.99999999999955,299.99999999999955,299.99999999999955,299.99999999999955,299.99999999999955,299.99999999999955,299.99999999999955,299.99999999999955,299.99999999999955
1.0,0.0,0.0,349.9999999999998,349.9999999999998,349.9999999999998,349.9999999999998,349.9999999999998,349.9999999999998,349.9999999999998,349.9999999999998,349.9999999999998,349.9999999999998,349.9999999999998,349.9999999999998,349.9999999999998,349.9999999999998,349.9999999999998,349.9999999999998,349.9999999999998,349.9999999999998,349.9999999999998,349.9999999999998,349.9999999999998,349.9999999999998,349.9999999999998,349.9999999999998,349.9999999999998,349.9999999999998,349.9999999999998,349.9999999999998,349.9999999999998,349.9999999999998,349.9999999999998,349.9999999999998,349.9999999999998,349.9999999999998,349.9999999999998,349.9999999999998,349.9999999999998,349.9999999999998,349.9999999999998,349.9999999999998,349.9999999999998,349.9999999999998,349.9999999999998,349.9999999999998,349.9999999999998,349.9999999999998,349.9999999999998,349.9999999999998,349.9999999999998
1.0,1.0,0.0,350.00000000000006,350.00000000000006,350.00000000000006,350.00000000000006,350.00000000000006,350.00000000000006,350.00000000000006,350.00000000000006,350.00000000000006,350.00000000000006,350.00000000000006,350.00000000000006,350.00000000000006,350.00000000000006,350.00000000000006,350.00000000000006,350.00000000000006,350.00000000000006,350.00000000000006,350.00000000000006,350.00000000000006,350.00000000000006,350.00000000000006,350.00000000000006,350.00000000000006,350.00000000000006,350.00000000000006,350.00000000000006,350.00000000000006,350.00000000000006,350.00000000000006,350.00000000000006,350.00000000000006,350.00000000000006,350.00000000000006,350.00000000000006,350.00000000000006,350.00000000000006,350.00000000000006,350.00000000000006,350.00000000000006,350.00000000000006,350.00000000000006,350.00000000000006,350.00000000000006,350.00000000000006,350.00000000000006,350.00000000000006,350.00000000000006
0.0,1.0,0.0,300.00000000000017,300.00000000000017,300.00000000000017,300.00000000000017,300.00000000000017,300.00000000000017,300.00000000000017,300.00000000000017,300.00000000000017,300.00000000000017,300.00000000000017,300.00000000000017,300.00000000000017,300.00000000000017,300.00000000000017,300.00000000000017,300.00000000000017,300.00000000000017,300.00000000000017,300.00000000000017,300.00000000000017,300.00000000000017,300.00000000000017,300.00000000000017,300.00000000000017,300.00000000000017,300.00000000000017,300.00000000000017,300.00000000000017,300.00000000000017,300.00000000000017,300.00000000000017,300.00000000000017,300.00000000000017,300.00000000000017,300.00000000000017,300.00000000000017,300.00000000000017,300.00000000000017,300.00000000000017,300.00000000000017,300.00000000000017,300.00000000000017,300.00000000000017,300.00000000000017,300.00000000000017,300.00000000000017,300.00000000000017,300.00000000000017
0.04761904761904757,0.0,0.0,251.6018707057056,278.4054458609323,288.3856656116996,293.91908284743846,297.2320206483542,299.244808261592,300.47074294107296,301.2175682058029,301.67246136600744,301.9495044586029,302.11821994097704,302.22096168532346,302.283526653219,302.3216254943185,302.3448256272164,302.3589532233721,302.3675561379263,302.37279482797516,302.37598489394713,302.3779274633696,302.37911037795016,302.37983070577707,302.3802693445129,302.380536450582,302.38069910299913,302.3807981490768,302.3808584625084,302.38089518995906,302.38091755488887,302.3809311738592,302.3809394670392,302.3809445171132,302.38094759232155,302.38094946494823,302.3809506052719,302.3809512996633,302.38095172250894,302.38095197999826,302.38095213679424,302.38095223227367,302.38095229041596,302.3809523258203,302.3809523473798,302.3809523605087,302.38095236850313,302.38095237337194,302.3809523763364,302.38095237814167,302.3809523792412
0.09523809523809514,0.0,0.0,212.38168955844702,257.76701495412846,277.13038616792784,288.0373470893838,294.5832971390244,298.5620704683992,300.9856153279455,302.46201941652373,303.3612971738302,303.90898139753364,304.2425129746611,304.4456216632485,304.5693053931072,304.64462239231193,304.6904863646145,304.7184149823981,304.7354219454876,304.74577822726405,304.7520846171434,304.7559248512366,304.75826333595006,304.75968734038787,304.76055447821176,304.76108251588084,304.7614040608143,304.7615998634044,304.7617190960513,304.7617917019556,304.7618359148233,304.76186283794675,304.7618792325982,304.7618892160089,304.76189529533804,304.76189899730355,304.76190125159064,304.7619026243239,304.7619034602396,304.7619039692644,304.7619042792321,304.7619044679843,304.761904582924,304.7619046529157,304.76190469553717,304.7619047214907,304.76190473729554,304.7619047469186,304.7619047527794,304.7619047563479,304.7619047585213
0.1428571428571427,0.0,0.0,179.5592492472553,238.49956914125872,266.45600595140604,282.48224902623076,292.13054185353445,297.9984373167999,301.5730350077983,303.75066547496834,305.0770519290113,305.88485263787913,306.3767898687534,306.67636143980025,306.858786441788,306.96987380262436,307.03751997681815,307.07871274563985,307.1037968325589,307.11907162718666,307.12837311315195,307.1340371910335,307.13748629314637,307.13958660053004,307.140865568437,307.1416443872293,307.1421186436153,307.1424074387996,307.14258329865146,307.142690387305,307.1427555982064,307.1427953079382,307.1428194889073,307.1428342137422,307.1428431803296,307.1428486404721,307.1428519653878,307.142853990073,307.14285522299053,307.1428559737678,307.14285643094814,307.14285670934464,307.14285687887326,307.1428569821055,307.14285704496905,307.142857083249,307.14285710655867,307.14285712075326,307.1428571293971,307.14285713466046,307.1428571378659
0.1904761904761902,0.0,0.0,153.59755207545192,221.46973151397856,256.84199574043316,277.53500852526105,290.0437369493303,297.65736628906274,302.2960338373574,305.1219053317355,306.8431140436313,307.8913621578616,308.52972492693596,308.9184633304705,309.1551864761454,309.2993385128817,309.3871192585815,309.4405728587292,309.4731231028213,309.49294436570705,309.505014393546,309.51236435650645,309.5168400669825,309.5195655205751,309.5212251670166,309.5222357974081,309.52285121388496,309.52322596754175,309.52345417121694,309.5235931342829,309.5236777548904,309.52372928402906,309.5237606623452,309.52377976995615,309.52379140540455,309.5237984907299,309.5238028052918,309.5238054326141,309.5238070325042,309.5238080067459,309.52380860000375,309.52380896126454,309.52380918125124,309.52380931521094,309.52380939678466,309.52380944645836,309.52380947670713,309.523809495127,309.5238095063431,309.5238095131737,309.5238095173328
0.2380952380952379,0.0,0.0,132.9953091119271,206.8077347574919,248.46364358781213,273.31097021387154,288.39414315726066,297.58241307898675,303.1811661777565,306.5919160624244,308.66933613547656,309.93451007998027,310.7049719999235,311.1741523545711,311.45986041523156,311.6338415941783,311.73978663195516,311.8043012683087,311.8435870604343,311.8675098914808,311.8820775421078,311.89094841575184,311.89635027453676,311.8996396998675,311.9016427730651,311.90286253083775,311.9036052940061,311.9040575945609,311.90433301988946,311.90450073825747,311.9046028692084,311.90466506115126,311.9047029325088,311.9047259940124,311.90474003715696,311.9047485886339,311.9047537959964,311.90475696698485,311.9047588979361,311.90476007377566,311.9047607897952,311.90476122581043,311.90476149131916,311.90476165299873,311.90476175145176,311.90476181140474,311.90476184791265,311.904761870144,311.9047618836814,311.9047618919252,311.90476189694425
0.2857142857142856,0.0,0.0,116.8152832217301,194.60012806028132,241.47165990446845,269.9141592092707,287.2467394604638,297.8133819490085,304.2527067416735,308.1754854882618,310.5647241912994,312.01978074544274,312.90587078720773,313.44546221186516,313.7740466704218,313.974137169925,314.0959813156931,314.17017761267203,314.21535898929176,314.24287189774634,314.2596257021371,314.2698278194559,314.27604033009345,314.2798233963756,314.2821270688737,314.283529874542,314.2843841034771,314.28490428034735,314.28522103849457,314.2854139261987,314.2855313838453,314.28560290887475,314.28564646355096,314.28567298587217,314.28568913645796,314.2856989712472,314.285704960074,314.28570860692946,314.2857108276569,314.28571217995426,314.285713003425,314.285713504873,314.2857138102259,314.2857139961686,314.2857141093974,314.28571417834667,314.2857142203335,314.2857142459001,314.2857142614697,314.2857142709501,314.2857142767237
0.3333333333333333,0.0,0.0,104.84365766952686,185.1817366538594,236.1585096393723,267.5358538762464,286.71996624047483,298.42270433167414,305.55481401156686,309.899513188424,312.5456605087654,314.15715050849303,315.13849644501187,315.7360923634555,316.09999801483383,316.321597054871,316.4565386684419,316.5387105783003,316.58874865076257,316.6192190116572,316.63777373688407,316.6490725128221,316.6559528263117,316.66014254661,316.66269384830497,316.6642474460846,316.6651934988462,316.6657695912079,316.6661203987105,316.6663340205377,316.6664641040851,316.6665433175711,316.66659155408,316.6666209273715,316.6666388140363,316.66664970599743,316.66665633858355,316.66666037745114,316.6666628368911,316.66666433455117,316.66666524654056,316.6666658018905,316.66666614006647,316.66666634599636,316.6666664713969,316.66666654775776,316.66666659425806,316.66666662257325,316.66666663981573,316.66666665031556,316.6666666567096
0.380952380952381,0.0,0.0,96.55239762595826,178.57674828144658,232.62937405835316,266.25546279274687,286.8644234789113,299.4414839638425,307.1064579628881,311.7755512135092,314.61917855783844,316.3509018707925,317.4054566097821,318.04763066091164,318.4386813445573,318.6768100292195,318.8218172225053,318.91011849056304,318.96388899244903,318.9966321907012,319.01657094484074,319.0287125158235,319.03610604364707,319.0406082823289,319.04334988996544,319.0450193732521,319.0460359937007,319.04665505777314,319.0470320326054,319.0472615888479,319.04740137554995,319.0474864977039,319.0475383322561,319.0475698965519,319.0475891174137,319.04760082182526,319.0476079491463,319.0476122892804,319.0476149321742,319.04761654154686,319.04761752156355,319.04761811833714,319.0476184817391,319.04761870302934,319.0476188377829,319.0476189198407,319.04761896980915,319.0476190002368,319.04761901876566,319.0476190300484,319.04761903691934
0.4285714285714285,0.0,0.0,91.5818258847352,174.79685386044244,230.96290568746073,266.1339801298855,287.7191662594077,300.89372526632314,308.9222679692145,313.81250371253924,316.79069809956997,318.6043343280177,319.7087602302141,320.3813003650333,320.79084153483126,321.04022967387874,321.1920931813388,321.2845695412754,321.34088243351647,321.3751738023104,321.3960553042258,321.40877095503885,321.41651406487085,321.42122917913883,321.4241004159148,321.42584883597965,321.426913524441,321.42756185920183,321.42795665821865,321.42819706837673,321.4283434644963,321.42843261141036,321.42848689681205,321.42851995353567,321.4285400832011,321.42855234102296,321.4285598053391,321.42856435068325,321.4285671185395,321.4285688040069,321.4285698303601,321.42857045535135,321.42857083593526,321.4285710676895,321.42857120881365,321.4285712947513,321.42857134708197,321.4285713789484,321.4285713983537,321.4285714101702,321.42857141736516
0.4761904761904759,0.0,0.0,89.72025903025916,173.8320862315518,231.19413977093433,267.2003968549003,289.3028767943896,302.7908826725098,311.0092065926259,316.01460163299186,319.0627922413884,320.91901370599663,322.04936049081545,322.73768181939573,323.1568319555075,323.4120711634131,323.56749757183127,323.6621435177243,323.7197775596983,323.7548734323766,323.77624483114903,323.7892588012472,323.7971835705621,323.80200930513246,323.8049479033861,323.80673734276445,323.8078270096562,323.8084905548607,323.80889461617363,323.8091406665438,323.8092904972313,323.80938173560213,323.80943729458215,323.8094711268432,323.8094917287657,323.8095042741656,323.80951191360094,323.80951656558267,323.80951939837536,323.80952112338446,323.8095221738175,323.8095228134712,323.80952320298337,323.8095234401748,323.8095235846106,323.809523672564,323.80952372612273,323.80952375873625,323.8095237785966,323.8095237906906,323.8095237980552
0.5238095238095233,0.0,0.0,91.24854628285192,176.0432930879781,233.59063410494872,269.62576208750636,291.720728169858,305.1970586786375,313.40628874247165,318.405591813763,321.4499175906253,323.30374207640847,324.4326170166824,325.12003864000394,325.53863993996475,325.7935446654851,325.94876731629313,326.04328916365273,326.10084763050764,326.13589748047605,326.1572408535295,326.1702377574105,326.1781521343267,326.1829715405029,326.1859062851217,326.18769337785255,326.1887816157701,326.1894442908104,326.1898478222418,326.190093549945,326.19024318414654,326.19033430286777,326.1903897889894,326.19042357688267,326.190444151788,326.19045668073665,326.19046431015346,326.1904689560346,326.1904717851116,326.190473507859,326.19047455691447,326.1904751957291,326.1904755847312,326.19047582161164,326.1904759658582,326.19047605369576,326.190476107184,326.1904761397552,326.1904761595897,326.1904761716677,326.1904761790218
0.5714285714285708,0.0,0.0,95.55641243981687,180.84247008326074,237.7447637498497,273.151970042756,294.8135991158558,308.01495111734414,316.0541708901187,320.94931479147624,323.93004914475443,325.74510582291254,326.8503612062552,327.5233964723509,327.9332363456072,328.1828055904132,328.33477915972026,328.4273224789283,328.48367612812046,328.51799231068895,328.5388889214125,328.5516137722467,328.55936248426246,328.5640810099121,328.5669543240172,328.5687040090558,328.56976946781367,328.5704182716406,328.57081335629226,328.5710539403858,328.5712004424222,328.5712896538326,328.5713439785103,328.5713770591502,328.57139720337887,328.5714094700691,328.5714169397865,328.5714214884188,328.57142425827783,328.5714259449639,328.5714269720604,328.57142759750366,328.5714279783634,328.57142821028486,328.57142835151143,328.57142843751103,328.57142848987917,328.5714285217692,328.57142854118825,328.5714285530131,328.57142856021386
0.6190476190476182,0.0,0.0,103.47986065341144,188.8614692609056,244.0454260737634,278.01351214562453,298.7233453041787,311.330662599856,319.0052061326818,323.67762888089055,326.5225808193118,328.25491310290266,329.30978311643935,329.9521335372112,330.3432872312889,330.58147741000613,330.7265217030263,330.8148454652958,330.86862963750315,330.90138115251347,330.92132496892486,330.9334696219372,330.9408650263701,330.9453684077536,330.94811071121745,330.94978061821865,330.95079749668486,330.9514167178753,330.9517937883825,330.9520234028858,330.95216322506593,330.9522483688241,330.9523002165326,330.95233178883853,330.95235101457774,330.9523627219601,330.95236985109045,330.95237419232564,330.95237683589113,330.9523784456712,330.9523794259367,330.9523800228626,330.9523803863561,330.9523806077034,330.95238074249136,330.95238082456916,330.95238087454953,330.95238090498566,330.9523809235189,330.95238093480464,330.95238094167763
0.6666666666666656,0.0,0.0,114.95143933003422,199.80396594594376,252.23467202488385,284.0373789340626,303.341708800198,315.07774381217735,322.218829624429,326.5658111748427,329.21245284826284,330.82399213113905,331.8052973151239,332.4028485281369,332.7667213661888,332.9882988535467,333.1232269011462,333.2053904259784,333.2554233575509,333.28589057813275,333.30444338833183,333.315740997353,333.3226206000387,333.326809887437,333.3293609255037,333.3309143627431,333.33186031774335,333.3324363505742,333.33278712182516,333.3330007215771,333.33313079168335,333.33320999698276,333.33325822850713,333.3332875987639,333.3333054835797,333.33331637441603,333.33332300631616,333.333327044766,333.3333295039526,333.3333310014575,333.3333319133526,333.33333246864515,333.3333328067869,333.3333330126956,333.3333331380822,333.3333332144359,333.33333326093066,333.33333328924317,333.3333333064839,333.33333331698253,333.33333332337617
0.7142857142857131,0.0,0.0,130.46564866906192,213.7127289352701,262.2529228882229,291.1699565803378,308.63293794729276,319.23386825112703,325.6813400755289,329.60549636694367,331.99456621074756,333.44923665404764,334.33501194752034,334.87438932604647,335.202837151324,335.4028426804667,335.52463458698753,335.59879893347807,335.643960814773,335.6714618406326,335.6882084060899,335.6984061144367,335.70461594001387,335.70839737117774,335.71070004796206,335.71210224729197,335.7129561069996,335.71347605903134,335.7137926802638,335.7139854845953,335.7141028914723,335.71417438558615,335.71421792143656,335.7142444322941,335.71426057589935,335.71427040643664,335.7142763926754,335.7142800379546,335.71428225772155,335.7142836094334,335.7142844325503,335.71428493378085,335.71428523900147,335.7142854248642,335.71428553804355,335.7142856069636,335.7142856489319,335.7142856744881,335.71428569005104,335.7142856995272,335.7142857052975
0.7619047619047604,0.0,0.0,150.25533530775385,230.37431134453013,273.8825145432701,299.26362037717604,314.50475792540624,323.7424718347678,329.35823245356096,332.7756623548162,334.8561176475226,336.12284978814176,336.8941790513039,337.3638646635714,337.64987396074696,337.82403676688966,337.93009189709795,337.9946734307131,338.03399991937084,338.05794752103515,338.07253025240215,338.0814103084751,338.086817758589,338.0901105886519,338.0921157351186,338.0933367553896,338.0940802873465,338.09453305604865,338.094808766452,338.0949766584149,338.09507889507495,338.0951411513893,338.0951790619454,338.09520214731845,338.0952162049981,338.09522476532584,338.09522997807863,338.09523315234816,338.09523508529827,338.0952362623544,338.0952369791157,338.0952374155817,338.0952376813656,338.0952378432125,338.0952379417678,338.09523800178255,338.0952380383283,338.09523806058223,338.0952380741341,338.0952380823864,338.095238087411
0.8095238095238082,0.0,0.0,175.64494339446844,250.00266960324788,287.12117085083145,308.2957992323921,320.9401341354947,328.59264594473933,333.2427699592293,336.0721886585211,337.79459415551247,338.84330036102756,339.4818660087787,339.87070657345697,340.10748592038385,340.25167049161735,340.3394705743225,340.39293581621376,340.42549311198036,340.4453186584013,340.45739129171085,340.46474284042364,340.4692195162992,340.47194555769977,340.47360556206473,340.47461641040616,340.47523195960053,340.47560679407496,340.47583504696337,340.4759740399967,340.47605867885295,340.4761102191043,340.47614160418675,340.4761607159177,340.47617235387514,340.47617944073045,340.4761837562218,340.47618638411046,340.47618798434524,340.4761889587977,340.47618955218365,340.47618991352203,340.47619013355717,340.4761902675445,340.4761903491369,340.4761903988211,340.4761904290761,340.4761904474998,340.4761904587179,340.4761904655501,340.47619046971096
0.8571428571428561,0.0,0.0,206.93366885194214,272.1143311430758,301.5990818419794,318.0350840749868,327.7977924792826,333.69839573518806,337.2826106962405,339.46321058806603,340.7905945540488,341.59877489809895,342.09087928691457,342.39053465496494,342.5730056275154,342.68411956045924,342.7517815160679,342.7929837825937,342.8180736215172,342.8333519099206,342.84265552090466,342.8483208921018,342.85177078157255,342.8538715683569,342.85515082817676,342.85592982472275,342.8564041893502,342.85669305044667,342.8568689504353,342.8569760635291,342.85704128931405,342.85708100810814,342.8571051945962,342.8571199227924,342.8571288914268,342.85713435281446,342.85713767848955,342.8571397036363,342.85714093683566,342.8571416877836,342.85714214506805,342.85714242352935,342.85714259309617,342.8571426963523,342.85714275922885,342.8571427975183,342.85714282083336,342.8571428350319,342.8571428436773,342.857142848942,342.8571428521478
0.9047619047619041,0.0,0.0,246.19735169215429,296.7208017739416,317.20454280219894,328.4029576244025,335.02883902955364,339.0298243804288,341.4595358194228,342.93763298234177,343.8373626706414,344.38515937895437,344.71871372107967,344.9218234186152,345.04550415010203,345.12081830802913,345.1666802647466,345.1946075749346,345.2116137192254,345.2219694960633,345.2282755766818,345.23211562195394,345.23445399154434,345.23587792583857,345.2367450209383,345.2372730325875,345.2375945616763,345.237790354617,345.23790958138784,345.23798218371377,345.23802639440385,345.23805331620014,345.2380697100438,345.23807969296246,345.23808577199236,345.2380894737754,345.2380917279514,345.23809310061597,345.23809393649054,345.23809444549084,345.2380947554438,345.2380949441864,345.2380950591197,345.23809512910907,345.23809517172776,345.23809519767997,345.2380952134829,345.2380952231076,345.23809522896704,345.2380952325354,345.23809523470845
0.952380952380952,0.0,0.0,292.77103476760595,322.82730419734537,333.41314442066783,339.0998509988947,342.4544700343232,344.4787375331412,345.7078040542045,346.4554557591412,346.91054873489463,347.1876282380419,347.3563419280581,347.4590758453588,347.52163415384865,347.5597284076319,347.58292559755336,347.5970513595662,347.6056531454171,347.61089114482814,347.61408078930816,347.616023101803,347.61720585985694,347.6179260923466,347.6183646730221,347.6186317437333,347.61879437461835,347.618893407585,347.6189537130333,347.6189904356226,347.61901279759144,347.61902641475905,347.61903470683956,347.6190397562462,347.619042831047,347.61904470342574,347.61904584359826,347.6190465378993,347.6190469606888,347.61904721814307,347.61904737491784,347.6190474703859,347.61904752851956,347.61904756391897,347.6190475854764,347.61904759860363,347.61904760659695,347.6190476114646,347.61904761442884,347.61904761623333,347.6190476173329
1.0,0.04761904761904757,0.0,349.99999999999716,349.9999999999967,349.99999999999625,349.9999999999962,349.99999999999596,349.99999999999585,349.99999999999585,349.9999999999958,349.9999999999958,349.9999999999958,349.9999999999958,349.9999999999958,349.9999999999958,349.9999999999958,349.9999999999958,349.9999999999958,349.9999999999958,349.9999999999958,349.9999999999958,349.9999999999958,349.9999999999958,349.9999999999958,349.9999999999958,349.9999999999958,349.9999999999958,349.9999999999958,349.9999999999958,349.9999999999958,349.9999999999958,349.9999999999958,349.9999999999958,349.9999999999958,349.9999999999958,349.9999999999958,349.9999999999958,349.9999999999958,349.9999999999958,349.9999999999958,349.9999999999958,349.9999999999958,349.9999999999958,349.9999999999958,349.9999999999958,349.9999999999958,349.9999999999958,349.9999999999958,349.9999999999958,349.9999999999958,349.9999999999958
1.0,0.09523809523809514,0.0,349.99999999999574,349.9999999999955,349.99999999999545,349.9999999999954,349.9999999999954,349.99999999999534,349.99999999999534,349.9999999999953,349.9999999999953,349.9999999999953,349.9999999999953,349.9999999999953,349.9999999999953,349.9999999999953,349.9999999999953,349.9999999999953,349.9999999999953,349.9999999999953,349.9999999999953,349.9999999999953,349.9999999999953,349.9999999999953,349.9999999999953,349.9999999999953,349.9999999999953,349.9999999999953,349.9999999999953,349.9999999999953,349.9999999999953,349.9999999999953,349.9999999999953,349.9999999999953,349.9999999999953,349.9999999999953,349.9999999999953,349.9999999999953,349.9999999999953,349.9999999999953,349.9999999999953,349.9999999999953,349.9999999999953,349.9999999999953,349.9999999999953,349.9999999999953,349.9999999999953,349.9999999999953,349.9999999999953,349.9999999999953,349.9999999999953
1.0,0.1428571428571427,0.0,350.0,350.0,350.0,350.0,350.0,350.0,350.0,350.0,350.0,350.0,350.0,350.0,350.0,350.0,350.0,350.0,350.0,350.0,350.0,350.0,350.0,350.0,350.0,350.0,350.0,350.0,350.0,350.0,350.0,350.0,350.0,350.0,350.0,350.0,350.0,350.0,350.0,350.0,350.0,350.0,350.0,350.0,350.0,350.0,350.0,350.0,350.0,350.0,350.0
1.0,0.1904761904761902,0.0,349.99999999999824,349.9999999999982,349.99999999999807,349.999999999998,349.999999999998,349.99999999999795,349.99999999999795,349.99999999999795,349.99999999999795,349.99999999999795,349.99999999999795,349.99999999999795,349.99999999999795,349.99999999999795,349.99999999999795,349.99999999999795,349.99999999999795,349.99999999999795,349.99999999999795,349.99999999999795,349.99999999999795,349.99999999999795,349.99999999999795,349.99999999999795,349.99999999999795,349.99999999999795,349.99999999999795,349.99999999999795,349.99999999999795,349.99999999999795,349.99999999999795,349.99999999999795,349.99999999999795,349.99999999999795,349.99999999999795,349.99999999999795,349.99999999999795,349.99999999999795,349.99999999999795,349.99999999999795,349.99999999999795,349.99999999999795,349.99999999999795,349.99999999999795,349.99999999999795,349.99999999999795,349.99999999999795,349.99999999999795,349.99999999999795
1.0,0.2380952380952379,0.0,350.00000000000097,350.0000000000009,350.00000000000097,350.00000000000097,350.00000000000097,350.00000000000097,350.000000000001,350.000000000001,350.000000000001,350.00000000000097,350.00000000000097,350.00000000000097,350.00000000000097,350.00000000000097,350.00000000000097,350.00000000000097,350.00000000000097,350.00000000000097,350.00000000000097,350.00000000000097,350.00000000000097,350.00000000000097,350.00000000000097,350.00000000000097,350.00000000000097,350.00000000000097,350.00000000000097,350.00000000000097,350.00000000000097,350.00000000000097,350.00000000000097,350.00000000000097,350.00000000000097,350.00000000000097,350.00000000000097,350.00000000000097,350.00000000000097,350.00000000000097,350.00000000000097,350.00000000000097,350.00000000000097,350.00000000000097,350.00000000000097,350.00000000000097,350.00000000000097,350.00000000000097,350.00000000000097,350.00000000000097,350.00000000000097
1.0,0.2857142857142856,0.0,350.0,350.0,350.0,350.0,350.0,350.0,350.0,350.0,350.0,350.0,350.0,350.0,350.0,350.0,350.0,350.0,350.0,350.0,350.0,350.0,350.0,350.0,350.0,350.0,350.0,350.0,350.0,350.0,350.0,350.0,350.0,350.0,350.0,350.0,350.0,350.0,350.0,350.0,350.0,350.0,350.0,350.0,350.0,350.0,350.0,350.0,350.0,350.0,350.0
1.0,0.3333333333333333,0.0,349.9999999999997,349.9999999999997,349.9999999999997,349.9999999999997,349.9999999999997,349.9999999999997,349.9999999999997,349.9999999999997,349.9999999999997,349.9999999999997,349.9999999999997,349.9999999999997,349.9999999999997,349.9999999999997,349.9999999999997,349.9999999999997,349.9999999999997,349.9999999999997,349.9999999999997,349.9999999999997,349.9999999999997,349.9999999999997,349.9999999999997,349.9999999999997,349.9999999999997,349.9999999999997,349.9999999999997,349.9999999999997,349.9999999999997,349.9999999999997,349.9999999999997,349.9999999999997,349.9999999999997,349.9999999999997,349.9999999999997,349.9999999999997,349.9999999999997,349.9999999999997,349.9999999999997,349.9999999999997,349.9999999999997,349.9999999999997,349.9999999999997,349.9999999999997,349.9999999999997,349.9999999999997,349.9999999999997,349.9999999999997,349.9999999999997
1.0,0.380952380952381,0.0,350.0000000000026,350.0000000000027,350.0000000000027,350.0000000000027,350.0000000000027,350.0000000000027,350.0000000000027,350.0000000000027,350.0000000000027,350.0000000000027,350.0000000000027,350.0000000000027,350.0000000000027,350.0000000000027,350.0000000000027,350.0000000000027,350.0000000000027,350.0000000000027,350.0000000000027,350.0000000000027,350.0000000000027,350.0000000000027,350.0000000000027,350.0000000000027,350.0000000000027,350.0000000000027,350.0000000000027,350.0000000000027,350.0000000000027,350.0000000000027,350.0000000000027,350.0000000000027,350.0000000000027,350.0000000000027,350.0000000000027,350.0000000000027,350.0000000000027,350.0000000000027,350.0000000000027,350.0000000000027,350.0000000000027,350.0000000000027,350.0000000000027,350.0000000000027,350.0000000000027,350.0000000000027,350.0000000000027,350.0000000000027,350.0000000000027
1.0,0.4285714285714285,0.0,350.00000000000017,350.0000000000001,350.0000000000001,350.0000000000001,350.0000000000001,350.0000000000001,350.0000000000001,350.0000000000001,350.0000000000001,350.0000000000001,350.0000000000001,350.0000000000001,350.0000000000001,350.0000000000001,350.0000000000001,350.0000000000001,350.0000000000001,350.0000000000001,350.0000000000001,350.0000000000001,350.0000000000001,350.0000000000001,350.0000000000001,350.0000000000001,350.0000000000001,350.0000000000001,350.0000000000001,350.0000000000001,350.0000000000001,350.0000000000001,350.0000000000001,350.0000000000001,350.0000000000001,350.0000000000001,350.0000000000001,350.0000000000001,350.0000000000001,350.0000000000001,350.0000000000001,350.0000000000001,350.0000000000001,350.0000000000001,350.0000000000001,350.0000000000001,350.0000000000001,350.0000000000001,350.0000000000001,350.0000000000001,350.0000000000001
1.0,0.4761904761904759,0.0,350.0,350.0,350.0,350.0,350.0,350.0,350.0,350.0,350.0,350.0,350.0,350.0,350.0,350.0,350.0,350.0,350.0,350.0,350.0,350.0,350.0,350.0,350.0,350.0,350.0,350.0,350.0,350.0,350.0,350.0,350.0,350.0,350.0,350.0,350.0,350.0,350.0,350.0,350.0,350.0,350.0,350.0,350.0,350.0,350.0,350.0,350.0,350.0,350.0
1.0,0.5238095238095233,0.0,350.00000000000045,350.00000000000045,350.00000000000045,350.00000000000045,350.00000000000045,350.00000000000045,350.00000000000045,350.00000000000045,350.00000000000045,350.00000000000045,350.00000000000045,350.00000000000045,350.00000000000045,350.00000000000045,350.00000000000045,350.00000000000045,350.00000000000045,350.00000000000045,350.00000000000045,350.00000000000045,350.00000000000045,350.00000000000045,350.00000000000045,350.00000000000045,350.00000000000045,350.00000000000045,350.00000000000045,350.00000000000045,350.00000000000045,350.00000000000045,350.00000000000045,350.00000000000045,350.00000000000045,350.00000000000045,350.00000000000045,350.00000000000045,350.00000000000045,350.00000000000045,350.00000000000045,350.00000000000045,350.00000000000045,350.00000000000045,350.00000000000045,350.00000000000045,350.00000000000045,350.00000000000045,350.00000000000045,350.00000000000045,350.00000000000045
1.0,0.5714285714285708,0.0,350.0,350.0,350.0,350.0,350.0,350.0,350.0,350.0,350.0,350.0,350.0,350.0,350.0,350.0,350.0,350.0,350.0,350.0,350.0,350.0,350.0,350.0,350.0,350.0,350.0,350.0,350.0,350.0,350.0,350.0,350.0,350.0,350.0,350.0,350.0,350.0,350.0,350.0,350.0,350.0,350.0,350.0,350.0,350.0,350.0,350.0,350.0,350.0,350.0
1.0,0.6190476190476182,0.0,350.00000000000057,350.00000000000057,350.00000000000057,350.00000000000057,350.00000000000057,350.0000000000005,350.0000000000005,350.0000000000005,350.00000000000045,350.00000000000045,350.00000000000045,350.00000000000045,350.00000000000045,350.00000000000045,350.00000000000045,350.00000000000045,350.00000000000045,350.00000000000045,350.00000000000045,350.00000000000045,350.00000000000045,350.00000000000045,350.00000000000045,350.00000000000045,350.00000000000045,350.00000000000045,350.00000000000045,350.00000000000045,350.00000000000045,350.00000000000045,350.00000000000045,350.00000000000045,350.00000000000045,350.00000000000045,350.00000000000045,350.00000000000045,350.00000000000045,350.00000000000045,350.00000000000045,350.00000000000045,350.00000000000045,350.00000000000045,350.00000000000045,350.00000000000045,350.00000000000045,350.00000000000045,350.00000000000045,350.00000000000045,350.00000000000045
1.0,0.6666666666666656,0.0,350.00000000000404,350.00000000000426,350.0000000000043,350.0000000000043,350.0000000000044,350.00000000000443,350.00000000000443,350.00000000000443,350.0000000000045,350.0000000000045,350.0000000000045,350.0000000000045,350.0000000000045,350.0000000000045,350.0000000000045,350.0000000000045,350.0000000000045,350.0000000000045,350.0000000000045,350.0000000000045,350.0000000000045,350.0000000000045,350.0000000000045,350.0000000000045,350.0000000000045,350.0000000000045,350.0000000000045,350.0000000000045,350.0000000000045,350.0000000000045,350.0000000000045,350.0000000000045,350.0000000000045,350.0000000000045,350.0000000000045,350.0000000000045,350.0000000000045,350.0000000000045,350.0000000000045,350.0000000000045,350.0000000000045,350.0000000000045,350.0000000000045,350.0000000000045,350.0000000000045,350.0000000000045,350.0000000000045,350.0000000000045,350.0000000000045
1.0,0.7142857142857131,0.0,349.9999999999992,349.9999999999992,349.9999999999992,349.9999999999992,349.9999999999992,349.9999999999992,349.9999999999992,349.9999999999992,349.9999999999992,349.9999999999992,349.9999999999992,349.9999999999992,349.9999999999992,349.9999999999992,349.9999999999992,349.9999999999992,349.9999999999992,349.9999999999992,349.9999999999992,349.9999999999992,349.9999999999992,349.9999999999992,349.9999999999992,349.9999999999992,349.9999999999992,349.9999999999992,349.9999999999992,349.9999999999992,349.9999999999992,349.9999999999992,349.9999999999992,349.9999999999992,349.9999999999992,349.9999999999992,349.9999999999992,349.9999999999992,349.9999999999992,349.9999999999992,349.9999999999992,349.9999999999992,349.9999999999992,349.9999999999992,349.9999999999992,349.9999999999992,349.9999999999992,349.9999999999992,349.9999999999992,349.9999999999992,349.9999999999992
1.0,0.7619047619047604,0.0,350.0,350.0,350.0,350.0,350.0,350.0,350.0,350.0,350.0,350.0,350.0,350.0,350.0,350.0,350.0,350.0,350.0,350.0,350.0,350.0,350.0,350.0,350.0,350.0,350.0,350.0,350.0,350.0,350.0,350.0,350.0,350.0,350.0,350.0,350.0,350.0,350.0,350.0,350.0,350.0,350.0,350.0,350.0,350.0,350.0,350.0,350.0,350.0,350.0
1.0,0.8095238095238082,0.0,349.9999999999968,349.99999999999676,349.99999999999665,349.99999999999665,349.9999999999967,349.9999999999967,349.9999999999967,349.9999999999967,349.9999999999967,349.9999999999967,349.9999999999967,349.9999999999967,349.9999999999967,349.9999999999967,349.9999999999967,349.9999999999967,349.9999999999967,349.9999999999967,349.9999999999967,349.9999999999967,349.9999999999967,349.9999999999967,349.9999999999967,349.9999999999967,349.9999999999967,349.9999999999967,349.9999999999967,349.9999999999967,349.9999999999967,349.9999999999967,349.9999999999967,349.9999999999967,349.9999999999967,349.9999999999967,349.9999999999967,349.9999999999967,349.9999999999967,349.9999999999967,349.9999999999967,349.9999999999967,349.9999999999967,349.9999999999967,349.9999999999967,349.9999999999967,349.9999999999967,349.9999999999967,349.9999999999967,349.9999999999967,349.9999999999967
1.0,0.8571428571428561,0.0,350.0000000000009,350.00000000000085,350.00000000000085,350.00000000000085,350.00000000000085,350.00000000000085,350.00000000000085,350.00000000000085,350.00000000000085,350.00000000000085,350.00000000000085,350.00000000000085,350.00000000000085,350.00000000000085,350.00000000000085,350.00000000000085,350.00000000000085,350.00000000000085,350.00000000000085,350.00000000000085,350.00000000000085,350.00000000000085,350.00000000000085,350.00000000000085,350.00000000000085,350.00000000000085,350.00000000000085,350.00000000000085,350.00000000000085,350.00000000000085,350.00000000000085,350.00000000000085,350.00000000000085,350.00000000000085,350.00000000000085,350.00000000000085,350.00000000000085,350.00000000000085,350.00000000000085,350.00000000000085,350.00000000000085,350.00000000000085,350.00000000000085,350.00000000000085,350.00000000000085,350.00000000000085,350.00000000000085,350.00000000000085,350.00000000000085
1.0,0.9047619047619041,0.0,349.9999999999984,349.9999999999984,349.99999999999835,349.99999999999835,349.99999999999835,349.99999999999835,349.99999999999835,349.99999999999835,349.99999999999835,349.9999999999983,349.9999999999983,349.9999999999983,349.9999999999983,349.9999999999983,349.9999999999983,349.9999999999983,349.9999999999983,349.9999999999983,349.9999999999983,349.9999999999983,349.9999999999983,349.9999999999983,349.9999999999983,349.9999999999983,349.9999999999983,349.9999999999983,349.9999999999983,349.9999999999983,349.9999999999983,349.9999999999983,349.9999999999983,349.9999999999983,349.9999999999983,349.9999999999983,349.9999999999983,349.9999999999983,349.9999999999983,349.9999999999983,349.9999999999983,349.9999999999983,349.9999999999983,349.9999999999983,349.9999999999983,349.9999999999983,349.9999999999983,349.9999999999983,349.9999999999983,349.9999999999983,349.9999999999983
1.0,0.952380952380952,0.0,349.9999999999995,349.9999999999995,349.9999999999995,349.9999999999995,349.9999999999995,349.9999999999995,349.9999999999995,349.9999999999995,349.9999999999995,349.9999999999995,349.9999999999995,349.9999999999995,349.9999999999995,349.9999999999995,349.9999999999995,349.9999999999995,349.9999999999995,349.9999999999995,349.9999999999995,349.9999999999995,349.9999999999995,349.9999999999995,349.9999999999995,349.9999999999995,349.9999999999995,349.9999999999995,349.9999999999995,349.9999999999995,349.9999999999995,349.9999999999995,349.9999999999995,349.9999999999995,349.9999999999995,349.9999999999995,349.9999999999995,349.9999999999995,349.9999999999995,349.9999999999995,349.9999999999995,349.9999999999995,349.9999999999995,349.9999999999995,349.9999999999995,349.9999999999995,349.9999999999995,349.9999999999995,349.9999999999995,349.9999999999995,349.9999999999995
0.9523809523809524,1.0,0.0,292.7415700140423,322.81438444273175,333.4085713474562,339.09784448492724,342.4534832723709,344.47822419899796,345.70752758618215,346.45530291942197,346.9104624192695,347.18757863086154,347.35631301358666,347.4590588046179,347.52162402515506,347.55972234853056,347.5829219555183,347.5970491626322,347.60565181674605,347.6108903397474,347.61408030081316,347.61602280510664,347.61720567952307,347.61792598268227,347.6183646063082,347.6186317031373,347.61879434991187,347.6188933925466,347.61895370387896,347.6189904300492,347.6190127942004,347.6190264126959,347.6190347055841,347.61903975548273,347.6190428305832,347.61904470314505,347.6190458434287,347.6190465377961,347.61904696062646,347.6190472181067,347.61904737489704,347.6190474703734,347.6190475285136,347.61904756391704,347.61904758547644,347.6190475986036,347.619047606599,347.61904761146695,347.6190476144302,347.61904761623583,347.6190476173356
0.9047619047619049,1.0,0.0,246.13284068786186,296.70327864002945,317.19904462737225,328.4008987373933,335.02800963913097,339.0294852999206,341.4593993340509,342.9375802114312,343.8373438021476,344.3851537021969,344.718712812246,344.92182398184957,345.04550498237745,345.12081902921136,345.1666807978225,345.1946079406918,345.2116139599762,345.2219696505638,345.22827567422496,345.2321156828681,345.23445402930207,345.23587794912277,345.2367450352451,345.2372730413575,345.2375945670413,345.2377903578956,345.2379095833902,345.23798218493636,345.2380263951496,345.23805331665494,345.23806971032224,345.23807969313236,345.2380857720961,345.2380894738399,345.23809172799224,345.2380931006415,345.2380939365072,345.2380944455019,345.2380947554505,345.23809494419197,345.2380950591241,345.2380951291113,345.2380951717302,345.2380951976824,345.2380952134859,345.23809522310876,345.23809522896926,345.2380952325382,345.2380952347115
0.8571428571428573,1.0,0.0,206.93368412369884,272.11748342984237,301.60326633809984,318.0387419673413,327.800522104946,333.7002815574337,337.2838583303032,339.4640142743657,340.79110334956175,341.59909326413265,342.09107690559165,342.3906566401231,342.5730806316763,342.68416555028614,342.75180965998885,342.7930009814316,342.8180841212672,342.8333583153407,342.8426594265549,342.8483232726603,342.85177223218056,342.85387245212524,342.8551513665303,342.85593015263265,342.8564043890654,342.85669317207834,342.8568690245096,342.85697610864014,342.85704131678534,342.8570810248388,342.85710520478546,342.8571199289974,342.8571288952057,342.8571343551166,342.8571376798925,342.8571397044911,342.8571409373569,342.85714168810216,342.8571421452628,342.8571424236481,342.85714259316876,342.8571426963973,342.857142759258,342.8571427975355,342.8571428208451,342.8571428350394,342.8571428436832,342.8571428489462,342.8571428521516
0.8095238095238098,1.0,0.0,175.6475190606481,250.00509667438544,287.1249641201317,308.299470793068,320.9430125433481,328.59468813631764,333.24414236463275,336.07308142241885,337.7951629672928,338.843657810789,339.48208854068736,339.87084421761375,340.10757067399527,340.25172251208755,340.3395024316546,340.3929552943106,340.42550500755647,340.44532591725584,340.45739571856785,340.46474553903147,340.469221160871,340.4719465597076,340.47360617247585,340.47461678221936,340.4752321860612,340.47560693199733,340.4758351309598,340.4759740911507,340.4760587100049,340.4761102380753,340.4761416157401,340.4761607229541,340.47617235816136,340.47617944334075,340.4761837578121,340.47618638507976,340.4761879849361,340.47618895915804,340.47618955240404,340.47618991365675,340.476190133639,340.47619026759594,340.4761903491681,340.4761903988407,340.47619042908804,340.47619044750826,340.47619045872403,340.4761904655542,340.4761904697131
0.7619047619047621,1.0,0.0,150.25077643546217,230.37468554517142,273.8859287401411,299.2673971296885,314.5078437843326,323.74470327653864,329.3597477979031,332.77665433331293,334.85675221769117,336.1232496235081,336.8944284202682,337.3640190997998,337.64996913685275,337.82409522040484,337.9301277096109,337.9946953338606,338.0340132989239,338.0579556867282,338.0725352328645,338.0814133448077,338.0868196090817,338.0901117161723,338.0921164220109,338.0933371737977,338.09408054219017,338.0945332112592,338.09480886097776,338.09497671598064,338.0950789301326,338.0951411727382,338.0951790749461,338.09520215523565,338.0952162098196,338.09522476826226,338.09522997986676,338.0952331534379,338.0952350859626,338.0952362627601,338.0952369793628,338.0952374157326,338.095237681458,338.0952378432691,338.09523794180234,338.09523800180466,338.09523803834185,338.09523806059065,338.09523807413944,338.0952380823898,338.0952380874138
0.7142857142857144,1.0,0.0,130.46171154006996,213.7138600723083,262.25714780257226,291.17444024265336,308.636563545846,319.2364796388939,325.68310988179235,329.6066535235846,331.995305861415,333.4497024497537,334.335302346957,334.87456912621576,335.20294793854424,335.40291071295024,335.52467626439125,335.5988244219608,335.64397638370264,335.67147134220835,335.6882142012035,335.6984096473582,335.70461809312627,335.7083986830738,335.7107008471708,335.7121027341127,335.7129564035118,335.71347623961867,335.7137927902441,335.71398555157305,335.7141029322604,335.71417441042524,335.7142179365623,335.7142444415056,335.71426058150837,335.7142704098533,335.71427639475536,335.71428003922136,335.71428225849365,335.71428360990393,335.7142844328362,335.71428493395547,335.7142852391078,335.7142854249291,335.7142855380834,335.7142856069883,335.7142856489471,335.7142856744977,335.71428569005633,335.71428569953065,335.7142857053006
0.6666666666666667,1.0,0.0,114.94684813227448,199.80562991975918,252.2396528784721,284.0425266355905,303.3458359855905,315.0807051803103,322.22083237730936,326.5671188985865,329.21328800112485,330.8245177511724,331.8056248743731,332.40305127613146,332.76684626727325,332.9883755418594,333.12327387630245,333.20541915225124,333.25544090326116,333.2859012857122,333.3044499188201,333.31574497850886,333.3226230262904,333.326811365743,333.3293618260824,333.330914911309,333.3318606518619,333.3324365540648,333.33278724575337,333.3330007970481,333.3331308376436,333.33321002497206,333.3332582455513,333.3332876091434,333.3333054899002,333.3333163782651,333.33332300866016,333.3333270461932,333.3333295048226,333.33333100198683,333.3333319136755,333.3333324688416,333.3333328069071,333.33333301276866,333.3333331381268,333.3333332144633,333.3333332609473,333.33333328925426,333.33333330649043,333.3333333169866,333.33333332337867
0.619047619047619,1.0,0.0,103.47934961544755,188.8668108343324,244.05299752836513,278.02039441134826,298.7286044425662,311.3343480482476,319.00766525442583,323.67922127241155,326.52359227193745,328.25554736903695,329.3101773986627,329.9523771623096,330.34343713215867,330.5815693690401,330.72657799789096,330.8148798758105,330.8686506485676,330.90139397203717,330.92133278622913,330.9334743870257,330.94086793013867,330.945370176903,330.94811178893224,330.9497812746623,330.9507978964992,330.9514169613733,330.95179393667394,330.95202349319453,330.9521632800613,330.95224840231384,330.952300236926,330.9523318012579,330.9523510221407,330.9523627265658,330.952369853895,330.95237419403287,330.9523768369309,330.9523784463052,330.95237942632235,330.95238002309736,330.95238038649904,330.9523806077907,330.9523807425442,330.95238082460133,330.95238087457,330.95238090499765,330.9523809235263,330.95238093480964,330.9523809416802
0.5714285714285715,1.0,0.0,95.5609265944006,180.85242425238445,237.75555903501302,273.16096332344296,294.82020552105473,308.0194834148368,316.05715700815665,320.95123294975065,323.9312610670068,325.745863073334,326.8508307752105,327.52368611585257,327.93341434475496,328.1829146928294,328.33484590843534,328.42736326159786,328.4837010222477,328.5180074959958,328.5388981798787,328.55161941515564,328.55936592267557,328.5640831046754,328.5669556000314,328.5687047862612,328.5697699411684,328.57041855992213,328.5708135318555,328.57105404730044,328.5712005075301,328.57128969348105,328.57134400265414,328.5713770738525,328.57139721233267,328.5714094755206,328.57141694310604,328.5714214904406,328.5714242595086,328.5714259457135,328.57142697251675,328.57142759778156,328.57142797853237,328.5714282103873,328.5714283515747,328.5714284375497,328.57142848990253,328.5714285217831,328.5714285411965,328.5714285530177,328.57142856021704
0.5238095238095242,1.0,0.0,91.25766556277695,176.0574788022915,233.6043654465677,269.6366509234632,291.7285263988926,305.2023307259657,313.4097307632556,318.40778978010985,321.4513008082135,323.30460402086817,324.4331505038008,325.1203672777466,325.53884171562504,325.7936682600874,325.94884289589294,326.04333532644006,326.10087580196534,326.13591466199136,326.15725132779176,326.1702441407655,326.1781560236715,326.1829739098765,326.18590772836575,326.18769425689464,326.18878215113875,326.18944461685555,326.18984802080075,326.1900936708625,326.19024325778105,326.19033434770864,326.1903898162949,326.1904235935104,326.19044416191304,326.190456686902,326.1904643139076,326.1904689583201,326.1904717865041,326.19047350870676,326.1904745574303,326.1904751960432,326.1904755849221,326.1904758217276,326.19047596592793,326.1904760537388,326.19047610720975,326.19047613977114,326.1904761595989,326.19047617167263,326.19047617902453
0.4761904761904767,1.0,0.0,89.73162468014414,173.8484997577121,231.2095048358118,267.21236716325336,289.3113596860526,302.79657941331556,311.01290960699293,316.01695930389866,319.0642729819602,320.9199351390976,322.04993024414273,322.73803255820974,323.1570471966892,323.4122029608643,323.56757814784976,323.6621927236344,323.7198075845018,323.7548917425869,323.7762559927713,323.78926560318695,323.79718771481055,323.8020118297321,323.8049494411567,323.80673827936823,323.8078275800771,323.8084909022512,323.8088948277297,323.8091407953758,323.8092905756859,323.8093817833775,323.8094373236755,323.809471144559,323.8094917395537,323.8095042807344,323.8095119176009,323.8095165680178,323.80951939985704,323.809521124287,323.8095221743669,323.809522813805,323.8095232031869,323.8095234402988,323.8095235846859,323.80952367260966,323.80952372614996,323.80952375875324,323.80952377860626,323.80952379069635,323.80952379805825
0.4285714285714292,1.0,0.0,91.59410287676272,174.81424211587859,230.97900720233682,266.1464243751675,287.72793323885645,300.89958821363916,308.92606795138363,313.81491826051206,316.7922124495043,318.60527576042506,319.7093419532918,320.3816583003385,320.7910611175518,321.04036409718765,321.1921753485032,321.2846197126609,321.3409130447303,321.37519246894993,321.39606668260456,321.40877788884313,321.41651828936193,321.42123175257706,321.4241019834133,321.42584979068204,321.4269141058808,321.4275622133012,321.42795687385967,321.4281971996964,321.428343544465,321.4284326601079,321.4284869264662,321.428519971593,321.42854009419676,321.42855234771775,321.428559809416,321.42856435316526,321.4285671200511,321.4285688049261,321.4285698309203,321.4285704556917,321.4285708361422,321.42857106781474,321.4285712088908,321.42857129479717,321.4285713471099,321.42857137896533,321.4285713983637,321.4285714101754,321.42857141736886
0.3809523809523818,1.0,0.0,96.56364500766198,178.59301405919948,232.6446834864058,266.26737606788276,286.8728355656557,299.4471129050664,307.11010646023743,311.77786929249606,314.62063224581436,316.351805507583,317.40601493884355,318.04797418386175,318.4388920777313,318.6769390315236,318.8218960744974,318.9101666370223,318.9639183678914,318.9966501036412,319.0165818637397,319.02871916960373,319.03611009751944,319.0406107518254,319.04335139415195,319.04502028939163,319.04603655165505,319.0466553975698,319.0470322395362,319.04726171486374,319.0474014522885,319.04748654443466,319.04753836071257,319.0475699138802,319.0475891279648,319.04760082825044,319.0476079530584,319.04761229166206,319.04761493362435,319.04761654242964,319.04761752210027,319.0476181186647,319.0476184819374,319.04761870315,319.04761883785676,319.0476189198853,319.0476189698353,319.04761900025284,319.0476190187747,319.0476190300538,319.04761903692196
0.3333333333333344,1.0,0.0,104.85495454515655,185.19758905483934,236.1734005145804,267.54741886369897,286.72811104771455,298.4281416604332,305.55833198595417,309.9017454415806,312.5470590904481,314.15801932867856,315.1390330174477,315.73642239382417,316.10020042470404,316.3217209417998,316.45661438487963,316.5387568063667,316.5887768540605,316.61923620909675,316.6377842193255,316.6490789004919,316.6559567179925,316.6601449172784,316.66269529228225,316.66424832554844,316.665194034461,316.6657699173984,316.6661205973559,316.66633414150675,316.6664641777519,316.66654336243005,316.666591581397,316.6666209440063,316.66663882416566,316.66664971216585,316.6666563423392,316.6666603797375,316.66666283828437,316.66666433539854,316.6666652470566,316.6666658022042,316.6666661402572,316.66666634611266,316.66666647146707,316.66666654780084,316.6666665942838,316.666666622589,316.6666666398251,316.6666666503212,316.6666666567127
0.2857142857142869,1.0,0.0,116.82873118084851,194.6174902066434,241.48738688598118,269.92612087832924,287.2550516778457,297.8188825760533,304.25624499218856,308.1777218069706,310.5661215628608,312.02064720170154,312.9064052046417,313.4457906158843,313.77424795219673,313.97426030952937,314.0960565505928,314.1702235359149,314.2153870018905,314.2428889768348,314.25963611153423,314.2698341622188,314.27604419424136,314.2798257501952,314.2821285025547,314.2835307477207,314.284384635258,314.28490460420045,314.28522123571446,314.2854140463,314.2855314569828,314.2856029534118,314.2856464906719,314.2856730023874,314.285689146515,314.28569897737054,314.2857049638029,314.2857086092001,314.28571082903846,314.28571218079514,314.28571300393764,314.2857135051844,314.2857138104159,314.2857139962842,314.28571410946694,314.28571417838896,314.285714220359,314.28571424591655,314.28571426147926,314.28571427095585,314.28571427672665
0.2380952380952396,1.0,0.0,132.9863454976686,206.80642363534784,248.46720890550873,273.31526863655495,288.39766759873396,297.58494223416716,303.1828701046106,306.5930245119598,308.6700419652908,309.9349533647059,310.705247830572,311.1743229011327,311.4599653990606,311.63390601867644,311.73982607980855,311.8043253848765,311.8436017877023,311.867518877796,311.8820830222569,311.89095175635333,311.8963523103067,311.89964094020775,311.90164352865486,311.9028629910776,311.9036055743233,311.9040577652824,311.90433312385943,311.90450080157365,311.9046029077663,311.9046650846318,311.90470294680733,311.904726002719,311.9047400424585,311.90474859186224,311.9047537979616,311.90475696818174,311.9047588986644,311.90476007421904,311.9047607900645,311.90476122597437,311.9047614914184,311.90476165305864,311.90476175148854,311.9047618114267,311.9047618479254,311.9047618701515,311.90476188368524,311.90476189192736,311.9047618969461
0.1904761904761918,1.0,0.0,153.58940868490362,221.46713404865713,256.8437060883977,277.5378017733476,290.04619584865895,297.65918312309725,302.2972764255759,305.1227208078151,306.8436361991385,307.8916912877012,308.5299302329365,308.9185904887116,309.1552648449507,309.29938664534944,309.38714874827724,309.44059089503094,309.4731341204064,309.4929510899055,309.5050184948226,309.5123668568513,309.5168415908212,309.519566449063,309.52122573265643,309.5222361419572,309.5228514237416,309.52322609535327,309.5234542490559,309.5235931816861,309.52367778375765,309.5237293016086,309.5237606730501,309.5237797764743,309.52379140937325,309.52379849314786,309.5238028067629,309.52380543350955,309.52380703304925,309.52380800707726,309.52380860020617,309.52380896138675,309.52380918132565,309.523809315256,309.52380939681126,309.5238094464748,309.52380947671656,309.52380949513235,309.5238095063463,309.52380951317514,309.523809517333
0.1428571428571439,1.0,0.0,179.57210817196784,238.50026415943788,266.4577245049959,282.4845362168517,292.1325131768037,297.9998847761806,301.574021884651,303.7513119113077,305.07746533682626,305.8851130041059,306.37695218818044,306.6764619338435,306.8588483598663,306.96991182387836,307.0375432683226,307.07872698961694,307.1038055329554,307.1190769368976,307.12837635157445,307.1340391652872,307.1374874963353,307.13958733363233,307.140866015043,307.1416446592688,307.1421188093077,307.14240753971274,307.14258336010926,307.14269042473165,307.1427556209988,307.14279532181735,307.1428194973589,307.14283421888916,307.1428431834638,307.1428486423802,307.14285196654976,307.14285399077977,307.1428552234215,307.14285597402943,307.1428564311075,307.1428567094416,307.1428568789316,307.1428569821412,307.1428570449908,307.14285708326094,307.1428571065662,307.1428571207583,307.14285712939994,307.1428571346621,307.14285713786705
0.0952380952380959,1.0,0.0,212.40305951980667,257.76886279633436,277.1316884804514,288.03893737403763,294.5846565177569,298.5630659649955,300.98629306431764,302.4624629419318,303.36158064042155,303.9091598508565,304.2426241949856,304.44569050721975,304.5693478043683,304.64464843263625,304.6905023155601,304.71842473673934,304.73542790334267,304.74578186315205,304.7520868346498,304.7559262030869,304.75826415981476,304.75968784236454,304.7605547840139,304.761082702153,304.76140417426774,304.7615999325012,304.76171913813255,304.76179172758225,304.76183593042964,304.76186284745006,304.76187923838535,304.76188921953263,304.7618952974838,304.7618989986106,304.7619012523862,304.7619026248075,304.7619034605341,304.76190396944446,304.76190427934137,304.7619044680517,304.76190458296486,304.76190465294064,304.76190469555166,304.7619047215,304.7619047373007,304.76190474692186,304.76190475278116,304.76190475634894,304.76190475852184
0.047619047619048,1.0,0.0,251.61297421833092,278.40984834727897,288.3876931778146,293.92063694403925,297.23315719415683,299.2455848956469,300.47125221291844,301.2178939986667,301.67266655789814,301.9496323735254,302.11829912916676,302.22101047307706,302.2835566102512,302.32164384508405,302.3448368493743,302.35896007787295,302.3675603210598,302.3727973792656,302.37598644929136,302.37792841125344,302.37911095549435,302.3798310576164,302.3802695588278,302.3805365811166,302.38069918249886,302.3807981974936,302.38085849199445,302.3808952079158,302.3809175658246,302.38093118051955,302.3809394710937,302.38094451958335,302.380947593826,302.38094946586534,302.3809506058304,302.3809513000051,302.38095172271653,302.3809519801247,302.38095213687126,302.38095223232136,302.38095229044535,302.3809523258383,302.3809523473914,302.3809523605166,302.38095236850864,302.38095237337484,302.38095237633877,302.3809523781435,302.38095237924165
0.0,0.9523809523809524,0.0,300.00000000000165,300.0000000000017,300.0000000000017,300.0000000000017,300.00000000000176,300.00000000000176,300.00000000000176,300.00000000000176,300.00000000000176,300.00000000000176,300.00000000000176,300.00000000000176,300.00000000000176,300.00000000000176,300.00000000000176,300.00000000000176,300.00000000000176,300.00000000000176,300.00000000000176,300.00000000000176,300.00000000000176,300.00000000000176,300.00000000000176,300.00000000000176,300.00000000000176,300.00000000000176,300.00000000000176,300.00000000000176,300.00000000000176,300.00000000000176,300.00000000000176,300.00000000000176,300.00000000000176,300.00000000000176,300.00000000000176,300.00000000000176,300.00000000000176,300.00000000000176,300.00000000000176,300.00000000000176,300.00000000000176,300.00000000000176,300.00000000000176,300.00000000000176,300.00000000000176,300.00000000000176,300.00000000000176,300.00000000000176,300.00000000000176
0.0,0.9047619047619049,0.0,299.99999999999886,299.9999999999988,299.99999999999886,299.9999999999988,299.9999999999988,299.9999999999988,299.9999999999988,299.9999999999988,299.9999999999988,299.9999999999988,299.9999999999988,299.9999999999988,299.9999999999988,299.9999999999988,299.9999999999988,299.9999999999988,299.9999999999988,299.9999999999988,299.9999999999988,299.9999999999988,299.9999999999988,299.9999999999988,299.9999999999988,299.9999999999988,299.9999999999988,299.9999999999988,299.9999999999988,299.9999999999988,299.9999999999988,299.9999999999988,299.9999999999988,299.9999999999988,299.9999999999988,299.9999999999988,299.9999999999988,299.9999999999988,299.9999999999988,299.9999999999988,299.9999999999988,299.9999999999988,299.9999999999988,299.9999999999988,299.9999999999988,299.9999999999988,299.9999999999988,299.9999999999988,299.9999999999988,299.9999999999988,299.9999999999988
0.0,0.8571428571428573,0.0,300.0,300.0,300.0,300.0,300.0,300.0,300.0,300.0,300.0,300.0,300.0,300.0,300.0,300.0,300.0,300.0,300.0,300.0,300.0,300.0,300.0,300.0,300.0,300.0,300.0,300.0,300.0,300.0,300.0,300.0,300.0,300.0,300.0,300.0,300.0,300.0,300.0,300.0,300.0,300.0,300.0,300.0,300.0,300.0,300.0,300.0,300.0,300.0,300.0
0.0,0.8095238095238098,0.0,299.9999999999999,299.9999999999999,299.9999999999999,299.9999999999999,299.9999999999999,299.9999999999999,299.9999999999999,299.9999999999999,299.9999999999999,299.9999999999999,299.9999999999999,299.9999999999999,299.9999999999999,299.9999999999999,299.9999999999999,299.9999999999999,299.9999999999999,299.9999999999999,299.9999999999999,299.9999999999999,299.9999999999999,299.9999999999999,299.9999999999999,299.9999999999999,299.9999999999999,299.9999999999999,299.9999999999999,299.9999999999999,299.9999999999999,299.9999999999999,299.9999999999999,299.9999999999999,299.9999999999999,299.9999999999999,299.9999999999999,299.9999999999999,299.9999999999999,299.9999999999999,299.9999999999999,299.9999999999999,299.9999999999999,299.9999999999999,299.9999999999999,299.9999999999999,299.9999999999999,299.9999999999999,299.9999999999999,299.9999999999999,299.9999999999999
0.0,0.7619047619047621,0.0,300.0,300.0,300.0,300.0,300.0,300.0,300.0,300.0,300.0,300.0,300.0,300.0,300.0,300.0,300.0,300.0,300.0,300.0,300.0,300.0,300.0,300.0,300.0,300.0,300.0,300.0,300.0,300.0,300.0,300.0,300.0,300.0,300.0,300.0,300.0,300.0,300.0,300.0,300.0,300.0,300.0,300.0,300.0,300.0,300.0,300.0,300.0,300.0,300.0
0.0,0.7142857142857144,0.0,299.99999999999983,299.99999999999983,299.99999999999983,299.99999999999983,299.99999999999983,299.99999999999983,299.99999999999983,299.99999999999983,299.99999999999983,299.99999999999983,299.99999999999983,299.99999999999983,299.99999999999983,299.99999999999983,299.99999999999983,299.99999999999983,299.99999999999983,299.99999999999983,299.99999999999983,299.99999999999983,299.99999999999983,299.99999999999983,299.99999999999983,299.99999999999983,299.99999999999983,299.99999999999983,299.99999999999983,299.99999999999983,299.99999999999983,299.99999999999983,299.99999999999983,299.99999999999983,299.99999999999983,299.99999999999983,299.99999999999983,299.99999999999983,299.99999999999983,299.99999999999983,299.99999999999983,299.99999999999983,299.99999999999983,299.99999999999983,299.99999999999983,299.99999999999983,299.99999999999983,299.99999999999983,299.99999999999983,299.99999999999983,299.99999999999983
0.0,0.6666666666666667,0.0,299.99999999999994,300.0,300.0,300.0,300.0,300.0,300.0,300.0,300.0,300.0,300.0,300.0,300.0,300.0,300.0,300.0,300.0,300.0,300.0,300.0,300.0,300.0,300.0,300.0,300.0,300.0,300.0,300.0,300.0,300.0,300.0,300.0,300.0,300.0,300.0,300.0,300.0,300.0,300.0,300.0,300.0,300.0,300.0,300.0,300.0,300.0,300.0,300.0,300.0
0.0,0.619047619047619,0.0,299.9999999999993,299.99999999999926,299.99999999999926,299.99999999999926,299.9999999999992,299.99999999999915,299.99999999999915,299.99999999999915,299.99999999999915,299.99999999999915,299.99999999999915,299.99999999999915,299.99999999999915,299.99999999999915,299.99999999999915,299.99999999999915,299.99999999999915,299.99999999999915,299.99999999999915,299.99999999999915,299.99999999999915,299.99999999999915,299.99999999999915,299.99999999999915,299.99999999999915,299.99999999999915,299.99999999999915,299.99999999999915,299.99999999999915,299.99999999999915,299.99999999999915,299.99999999999915,299.99999999999915,299.99999999999915,299.99999999999915,299.99999999999915,299.99999999999915,299.99999999999915,299.99999999999915,299.99999999999915,299.99999999999915,299.99999999999915,299.99999999999915,299.99999999999915,299.99999999999915,299.99999999999915,299.99999999999915,299.99999999999915,299.99999999999915
0.0,0.5714285714285715,0.0,300.0,300.0,300.0,300.0,300.0,300.0,300.0,300.0,300.0,300.0,300.0,300.0,300.0,300.0,300.0,300.0,300.0,300.0,300.0,300.0,300.0,300.0,300.0,300.0,300.0,300.0,300.0,300.0,300.0,300.0,300.0,300.0,300.0,300.0,300.0,300.0,300.0,300.0,300.0,300.0,300.0,300.0,300.0,300.0,300.0,300.0,300.0,300.0,300.0
0.0,0.5238095238095242,0.0,300.00000000000057,300.00000000000057,300.00000000000057,300.00000000000057,300.00000000000057,300.00000000000057,300.00000000000057,300.00000000000057,300.00000000000057,300.00000000000057,300.00000000000057,300.00000000000057,300.00000000000057,300.00000000000057,300.00000000000057,300.00000000000057,300.00000000000057,300.00000000000057,300.00000000000057,300.00000000000057,300.00000000000057,300.00000000000057,300.00000000000057,300.00000000000057,300.00000000000057,300.00000000000057,300.00000000000057,300.00000000000057,300.00000000000057,300.00000000000057,300.00000000000057,300.00000000000057,300.00000000000057,300.00000000000057,300.00000000000057,300.00000000000057,300.00000000000057,300.00000000000057,300.00000000000057,300.00000000000057,300.00000000000057,300.00000000000057,300.00000000000057,300.00000000000057,300.00000000000057,300.00000000000057,300.00000000000057,300.00000000000057,300.00000000000057
0.0,0.4761904761904767,0.0,300.0,300.0,300.0,300.0,300.0,300.0,300.0,300.0,300.0,300.0,300.0,300.0,300.0,300.0,300.0,300.0,300.0,300.0,300.0,300.0,300.0,300.0,300.0,300.0,300.0,300.0,300.0,300.0,300.0,300.0,300.0,300.0,300.0,300.0,300.0,300.0,300.0,300.0,300.0,300.0,300.0,300.0,300.0,300.0,300.0,300.0,300.0,300.0,300.0
0.0,0.4285714285714292,0.0,300.00000000000097,300.00000000000097,300.00000000000097,300.000000000001,300.000000000001,300.0000000000011,300.0000000000011,300.0000000000011,300.0000000000011,300.0000000000011,300.0000000000011,300.0000000000011,300.0000000000011,300.0000000000011,300.0000000000011,300.0000000000011,300.0000000000011,300.0000000000011,300.0000000000011,300.0000000000011,300.0000000000011,300.0000000000011,300.0000000000011,300.0000000000011,300.0000000000011,300.0000000000011,300.0000000000011,300.0000000000011,300.0000000000011,300.0000000000011,300.0000000000011,300.0000000000011,300.0000000000011,300.0000000000011,300.0000000000011,300.0000000000011,300.0000000000011,300.0000000000011,300.0000000000011,300.0000000000011,300.0000000000011,300.0000000000011,300.0000000000011,300.0000000000011,300.0000000000011,300.0000000000011,300.0000000000011,300.0000000000011,300.0000000000011
0.0,0.3809523809523818,0.0,299.9999999999972,299.9999999999971,299.999999999997,299.999999999997,299.999999999997,299.99999999999693,299.99999999999693,299.99999999999693,299.99999999999693,299.99999999999693,299.99999999999693,299.99999999999693,299.99999999999693,299.99999999999693,299.99999999999693,299.99999999999693,299.99999999999693,299.99999999999693,299.99999999999693,299.99999999999693,299.99999999999693,299.99999999999693,299.99999999999693,299.99999999999693,299.99999999999693,299.99999999999693,299.99999999999693,299.99999999999693,299.99999999999693,299.99999999999693,299.99999999999693,299.99999999999693,299.99999999999693,299.99999999999693,299.99999999999693,299.99999999999693,299.99999999999693,299.99999999999693,299.99999999999693,299.99999999999693,299.99999999999693,299.99999999999693,299.99999999999693,299.99999999999693,299.99999999999693,299.99999999999693,299.99999999999693,299.99999999999693,299.99999999999693
0.0,0.3333333333333344,0.0,299.99999999999847,299.99999999999847,299.99999999999847,299.99999999999847,299.9999999999984,299.99999999999835,299.99999999999835,299.99999999999835,299.99999999999835,299.99999999999835,299.99999999999835,299.99999999999835,299.99999999999835,299.99999999999835,299.99999999999835,299.99999999999835,299.99999999999835,299.99999999999835,299.99999999999835,299.99999999999835,299.99999999999835,299.99999999999835,299.99999999999835,299.99999999999835,299.99999999999835,299.99999999999835,299.99999999999835,299.99999999999835,299.99999999999835,299.99999999999835,299.99999999999835,299.99999999999835,299.99999999999835,299.99999999999835,299.99999999999835,299.99999999999835,299.99999999999835,299.99999999999835,299.99999999999835,299.99999999999835,299.99999999999835,299.99999999999835,299.99999999999835,299.99999999999835,299.99999999999835,299.99999999999835,299.99999999999835,299.99999999999835,299.99999999999835
0.0,0.2857142857142869,0.0,300.00000000000216,300.00000000000233,300.00000000000244,300.00000000000244,300.0000000000025,300.0000000000025,300.00000000000256,300.00000000000256,300.00000000000256,300.0000000000026,300.0000000000026,300.0000000000026,300.0000000000026,300.0000000000026,300.0000000000026,300.0000000000026,300.0000000000026,300.0000000000026,300.0000000000026,300.0000000000026,300.0000000000026,300.0000000000026,300.0000000000026,300.0000000000026,300.0000000000026,300.0000000000026,300.0000000000026,300.0000000000026,300.0000000000026,300.0000000000026,300.0000000000026,300.0000000000026,300.0000000000026,300.0000000000026,300.0000000000026,300.0000000000026,300.0000000000026,300.0000000000026,300.0000000000026,300.0000000000026,300.0000000000026,300.0000000000026,300.0000000000026,300.0000000000026,300.0000000000026,300.0000000000026,300.0000000000026,300.0000000000026,300.0000000000026
0.0,0.2380952380952396,0.0,299.9999999999983,299.9999999999983,299.9999999999983,299.9999999999983,299.9999999999983,299.9999999999983,299.9999999999983,299.9999999999983,299.9999999999983,299.9999999999983,299.9999999999983,299.9999999999983,299.9999999999983,299.9999999999983,299.9999999999983,299.9999999999983,299.9999999999983,299.9999999999983,299.9999999999983,299.9999999999983,299.9999999999983,299.9999999999983,299.9999999999983,299.9999999999983,299.9999999999983,299.9999999999983,299.9999999999983,299.9999999999983,299.9999999999983,299.9999999999983,299.9999999999983,299.9999999999983,299.9999999999983,299.9999999999983,299.9999999999983,299.9999999999983,299.9999999999983,299.9999999999983,299.9999999999983,299.9999999999983,299.9999999999983,299.9999999999983,299.9999999999983,299.9999999999983,299.9999999999983,299.9999999999983,299.9999999999983,299.9999999999983,299.9999999999983
0.0,0.1904761904761918,0.0,300.00000000000693,300.00000000000733,300.00000000000756,300.000000000008,300.00000000000813,300.0000000000084,300.0000000000084,300.00000000000847,300.00000000000847,300.00000000000847,300.00000000000847,300.0000000000085,300.0000000000085,300.0000000000085,300.0000000000085,300.0000000000085,300.0000000000085,300.0000000000085,300.0000000000085,300.0000000000085,300.0000000000085,300.0000000000085,300.0000000000085,300.0000000000085,300.0000000000085,300.0000000000085,300.0000000000085,300.0000000000085,300.0000000000085,300.0000000000085,300.0000000000085,300.0000000000085,300.0000000000085,300.0000000000085,300.0000000000085,300.0000000000085,300.0000000000085,300.0000000000085,300.0000000000085,300.0000000000085,300.0000000000085,300.0000000000085,300.0000000000085,300.0000000000085,300.0000000000085,300.0000000000085,300.0000000000085,300.0000000000085,300.0000000000085
0.0,0.1428571428571439,0.0,299.9999999999987,299.9999999999987,299.9999999999987,299.99999999999864,299.99999999999864,299.99999999999864,299.99999999999864,299.99999999999864,299.99999999999864,299.99999999999864,299.9999999999986,299.9999999999986,299.9999999999986,299.9999999999986,299.9999999999986,299.9999999999986,299.9999999999986,299.9999999999986,299.9999999999986,299.9999999999986,299.9999999999986,299.9999999999986,299.9999999999986,299.9999999999986,299.9999999999986,299.9999999999986,299.9999999999986,299.9999999999986,299.9999999999986,299.9999999999986,299.9999999999986,299.9999999999986,299.9999999999986,299.9999999999986,299.9999999999986,299.9999999999986,299.9999999999986,299.9999999999986,299.9999999999986,299.9999999999986,299.9999999999986,299.9999999999986,299.9999999999986,299.9999999999986,299.9999999999986,299.9999999999986,299.9999999999986,299.9999999999986,299.9999999999986
0.0,0.0952380952380959,0.0,300.0000000000006,300.0000000000007,300.0000000000008,300.0000000000008,300.0000000000008,300.0000000000008,300.0000000000008,300.0000000000008,300.0000000000008,300.0000000000008,300.0000000000008,300.0000000000008,300.0000000000008,300.0000000000008,300.0000000000008,300.0000000000008,300.0000000000008,300.0000000000008,300.0000000000008,300.0000000000008,300.0000000000008,300.0000000000008,300.0000000000008,300.0000000000008,300.0000000000008,300.0000000000008,300.0000000000008,300.0000000000008,300.0000000000008,300.0000000000008,300.0000000000008,300.0000000000008,300.0000000000008,300.0000000000008,300.0000000000008,300.0000000000008,300.0000000000008,300.0000000000008,300.0000000000008,300.0000000000008,300.0000000000008,300.0000000000008,300.0000000000008,300.0000000000008,300.0000000000008,300.0000000000008,300.0000000000008,300.0000000000008,300.0000000000008
0.0,0.047619047619048,0.0,299.99999999999994,299.99999999999994,300.0,300.0,300.0,300.0,300.0,300.0,300.0,300.0,300.0,300.0,300.0,300.0,300.0,300.0,300.0,300.0,300.0,300.0,300.0,300.0,300.0,300.0,300.0,300.0,300.0,300.0,300.0,300.0,300.0,300.0,300.0,300.0,300.0,300.0,300.0,300.0,300.0,300.0,300.0,300.0,300.0,300.0,300.0,300.0,300.0,300.0,300.0
0.1712159407729647,0.1718551922037744,0.0,163.33763553220209,228.0717368215198,260.5896420919791,279.4547104761087,290.8388192367438,297.7655552101166,301.9854832604212,304.55624996627506,306.1220826823147,307.0757065163315,307.6564457158667,308.010093765064,308.2254485875676,308.35658842770243,308.43644544759405,308.485073934621,308.5146859533152,308.53271800158666,308.54369849844454,308.5503849985554,308.5544566976932,308.55693613127187,308.5584459654783,308.5593653687211,308.5599252330449,308.56026615859616,308.56047376287756,308.56060018208314,308.5606771641921,308.56072404191985,308.56075258779094,308.56076997060364,308.5607805557481,308.5607870014985,308.5607909265952,308.5607933167558,308.5607947722276,308.560795658527,308.5607961982325,308.56079652688317,308.5607967270123,308.5607968488799,308.56079692308975,308.56079696827913,308.5607969957981,308.5607970125553,308.56079702275923,308.5607970289727,308.5607970327563
0.8281448077962257,0.1712159407729646,0.0,187.12154307009828,258.3920773247509,292.66502979743194,312.03864992524404,323.5828044296373,330.56567158471086,334.8082261464484,337.38952836189554,338.9608654923489,339.9175851360435,340.50013753819167,340.85486949763947,341.0708786753613,341.2024153832152,341.2825136241532,341.33128887499817,341.3609902291061,341.37907666762527,341.3900902822646,341.39679694844045,341.4008809273465,341.4033678385451,341.40488222618006,341.40580440219765,341.40636595498194,341.40670790870917,341.40691613909127,341.4070429395568,341.40712015383093,341.40716717293526,341.4071958048954,341.40721324013157,341.4072238571995,341.40723032239015,341.4072342593237,341.40723665669185,341.40723811655283,341.40723900552564,341.40723954685967,341.40723987650085,341.4072400772343,341.4072401994681,341.4072402739023,341.40724031922883,341.4072403468304,341.40724036363713,341.40724037387207,341.4072403801039,341.4072403839002
0.7397530769177154,0.8926599831965567,0.0,140.50198617271633,222.29250327338787,268.28580111467335,295.3895702058671,311.7083610180417,321.60611482259515,327.6242303321823,331.2866776223946,333.5163100979959,334.8738677715835,335.7004974377855,336.20385459556127,336.51036650394326,336.69701359763684,336.8106706693338,336.87988123033347,336.92202647965485,336.9476905227073,336.96331845895077,336.9728349808368,336.9786300004577,336.9821588374459,336.9843076983298,336.9856162323433,336.98641305512024,336.98689827486965,336.9871937461012,336.987373671279,336.9874832354811,336.98754995384945,336.9875905815422,336.98761532149695,336.9876303867236,336.98763956058946,336.98764514695216,336.9876485487295,336.98765062021846,336.98765188163696,336.9876526497699,336.98765311751936,336.9876534023508,336.9876535757986,336.98765368141767,336.98765374573367,336.98765378489816,336.9876538087476,336.98765382326997,336.9876538321136,336.9876538374993
0.5000000000000001,0.7812814556716995,0.0,90.12728983010432,174.61023733962975,232.17366806630156,268.2781027915257,290.4300117823136,303.9445319102185,312.17783283382806,317.1919684306573,320.2453551840565,322.1046970566335,323.2369281426249,323.92639089944254,324.3462337352987,324.6018937964829,324.757576080409,324.85237767051547,324.91010641840376,324.9452599302771,324.96666641445063,324.9797017436462,324.98763951685555,324.99247316892973,324.9954165879998,324.9972089627649,324.99830041704587,324.9989650506281,324.9993697746825,324.9996162286164,324.99976630504796,324.9998576930617,324.9999133431656,324.999947230914,324.9999678666266,324.9999804326013,324.99998808456655,324.99999274417803,324.99999558161613,324.9999973094545,324.9999983616102,324.99999900231336,324.99999939246504,324.99999963004467,324.9999997747177,324.9999998628151,324.99999991646143,324.99999994912946,324.99999996902164,324.9999999811356,324.9999999885119
0.7137471152223902,0.2973069095169304,0.0,130.16384840136465,213.4701931824518,262.0899182633988,291.0600027800855,308.55557569132037,319.17630221972047,325.635789395699,329.56724312721616,331.9607479780929,333.4181152038553,334.30553096490405,334.84590653633296,335.17496187045356,335.3753371912116,335.4973542153854,335.5716556174676,335.616900945434,335.64445278014193,335.66123028291804,335.67144682928813,335.67766812569465,335.68145654174117,335.6837634718336,335.68516826114836,335.68602369799225,335.6865446104031,335.68686181644915,335.6870549768973,335.68717260062846,335.6872442267931,335.6872878430552,335.6873144028797,335.6873305763018,335.6873404249962,335.68734642229225,335.6873500743037,335.6873522981709,335.6873536523802,335.68735447701636,335.68735497917305,335.6873552849581,335.68735547116324,335.6873555845521,335.6873556535982,335.68735569564507,335.68735572124905,335.6873557368398,335.68735574633376,335.68735575211514
0.1160311035021704,0.5351431563879566,0.0,197.05913479082832,249.12654498662764,272.3771336244771,285.56115452271035,293.48233901223364,298.29787717431213,301.2311496719707,303.0180520909019,304.10644003735376,304.7692910767923,305.17295489083256,305.4187704799647,305.568460261171,305.65961340544237,305.7151206480308,305.74892144671685,305.76950422310955,305.7820379667307,305.7896703047199,305.794317964769,305.79714812551174,305.7988715324873,305.7999209893425,305.80056004889485,305.80094919982554,305.8011861706167,305.8013304723533,305.80141834390673,305.8014718526864,305.80150443649086,305.80152427817495,305.80153636063307,305.801543718162,305.80154819847945,305.8015509267383,305.80155258809236,305.8015535997623,305.80155421581213,305.8015545909515,305.8015548193903,305.8015549584962,305.80155504320396,305.80155509478624,305.8015551261963,305.80155514532396,305.801555156971,305.8015551640636,305.80155516838266,305.8015551710128
0.5075279799123255,0.2227180547636398,0.0,90.41874029373665,175.0036401581463,232.57970073312936,268.67690436023616,290.820831923037,304.3297610027952,312.5595536465447,317.5715635434728,320.6236753676083,322.482253438122,323.6140260161414,324.3032127667781,324.7228890174184,324.9784483129513,325.13406953885647,325.228834082518,325.2865403306438,325.3216801676186,325.343078336067,325.35610860651354,325.36404330144927,325.36887508000194,325.3718173586309,325.3736090391184,325.3747000707065,325.3753644469275,325.3757690142799,325.37601537279824,325.3761653911297,325.37625674376505,325.3763123723261,325.376346246957,325.37636687468125,325.37637943579256,325.3763870847947,325.3763917426026,325.3763945789428,325.37639630611284,325.37639735786064,325.3763979983159,325.37639838831626,325.37639862580437,325.3763987704211,325.3763988584847,325.37639891211,325.37639894476507,325.37639896465026,325.3763989767588,325.3763989841326
0.107437788219207,0.7416589234919156,0.0,202.9455163179099,252.58362549848474,274.29291154964625,286.55772206175754,293.9215117275873,298.39753797919735,301.12391379399884,302.7847625285923,303.7963679626075,304.41245510709246,304.78763976766186,305.0161122679155,305.15524076689076,305.2399625671121,305.2915534382549,305.3229693696983,305.3420998893473,305.35374928772086,305.36084310825476,305.36516284115237,305.3677933126285,305.36939512007234,305.37037052967503,305.3709644986377,305.37132619195313,305.371546442612,305.371680562738,305.3717622342679,305.37181196758587,305.3718422523481,305.37186069404726,305.3718719239928,305.3718787623913,305.3718829265874,305.3718854623458,305.3718870064781,305.3718879467675,305.37188851935,305.3718888680198,305.37188908034005,305.37188920963155,305.3718892883619,305.37188933630523,305.37188936549916,305.3718893832772,305.3718893941027,305.37188940069507,305.37188940470827,305.3718894071534
0.867329074851182,0.0548405553679423,0.0,214.8864391053165,277.29081080631545,304.90458533790667,320.23537169482023,329.3342726391691,334.8326217081057,338.17232160535536,340.2041287001548,341.44093208636326,342.19396066882285,342.65248250856524,342.9316884613397,343.10170701333544,343.20523815502304,343.26828262619665,343.30667310728603,343.3300507282517,343.3442863729087,343.3529550729333,343.35823381935666,343.36144827627646,343.3634056980027,343.3645976566428,343.3653234917306,343.36576548404986,343.36603463225157,343.3661985282073,343.3662983315266,343.36635910607504,343.36639611431974,343.3664186502371,343.36643237332885,343.36644072991186,343.366445818596,343.36644891731464,343.3664508042586,343.3664519533006,343.3664526530015,343.3664530790798,343.36645333853664,343.3664534965316,343.3664535927418,343.36645365132796,343.3664536870035,343.36645370872816,343.3664537219565,343.3664537300126,343.3664537349173,343.36645373790486
0.885868734479113,0.3395306175969764,0.0,229.39594161325348,286.69646675582726,310.91274344411545,324.2359019743368,332.1284429792848,336.8956302544005,339.7908495438406,341.55216846434365,342.62430200993657,343.2770660891369,343.67453481340556,343.916563311334,344.0639429355735,344.15368822671553,344.20833787323653,344.2416163688783,344.26188107404766,344.27422112650686,344.28173551706664,344.2863113539374,344.2890977785846,344.29079455285,344.29182779194497,344.2924569758251,344.2928401130431,344.29307342182796,344.29321549361435,344.2933020072556,344.2933546891446,344.2933867694201,344.29340630448337,344.293418200226,344.2934254440573,344.293429855139,344.29343254123654,344.29343417691734,344.29343517295354,344.29343577948384,344.2934361488254,344.29343637373375,344.2934365106907,344.29343659408863,344.29343664487413,344.29343667579957,344.2934366946314,344.29343670609825,344.2934367130818,344.2934367173336,344.29343671992353
0.3503535424699404,0.2920080232467545,0.0,101.42373247100454,182.45393400648302,234.66104157985058,266.93270908041893,286.6827606190391,298.7327302300207,306.0764719821408,310.5500081876824,313.27458481485803,314.93382349575086,315.94424185963464,316.5595398427166,316.9342245245941,317.16238717998965,317.3013255816392,317.3859312751358,317.4374513695975,317.46882419173414,317.48792846201184,317.49956187854457,317.5066459686541,317.51095977712,317.51358664136274,317.51518625239856,317.5161603245987,317.5167534791996,317.51711467663125,317.51733462533286,317.5174685615872,317.51755012115166,317.51759978628866,317.51763002953425,317.517648445951,317.51765966050147,317.517666489526,317.51767064801265,317.51767318029545,317.51767472231086,317.5176756613109,317.51767623310855,317.51767658130126,317.5176767933298,317.51767692244385,317.5176770010668,317.5176770489438,317.51767707809773,317.5176770958513,317.5176771066621,317.51767711324555
0.7077384280603221,0.3495862547711246,0.0,128.1372066675297,211.66881747826844,260.7981234979016,290.1434322731786,307.87793008369476,318.6458299288591,325.1952172513811,329.18146338902307,331.60834205338574,333.08603329060577,333.9858252724186,334.5337371687393,334.8673816289524,335.0705514298465,335.1942701154935,335.2696077242214,335.31548403927155,335.3434201075099,335.36043158589257,335.3707906097645,335.37709866671764,335.3809399149386,335.38327901679315,335.3847033968688,335.3855707633667,335.3860989402558,335.3864205699548,335.3866164241561,335.3867356882293,335.3868083132691,335.38685253778925,335.38687946800763,335.38689586697933,335.3869058530212,335.38691193395266,335.38691563689406,335.38691789177466,335.3869192648693,335.38692010100533,335.3869206101648,335.3869209202142,335.38692110901655,335.38692122398606,335.38692129399624,335.38692133662835,335.3869213625889,335.3869213783975,335.38692138802435,335.38692139388615
0.6499009489684533,0.7079311986801735,0.0,110.45260791466575,195.5982357857762,249.13182969864343,281.7840819396715,301.63592757066914,313.71031954229306,321.0582337357979,325.53127026062907,328.25467608000747,329.9129532507889,330.92271408089374,331.5375904710588,331.912012055762,332.14001252768094,332.27885153495623,332.3633964899404,332.4148795229792,332.44622974901745,332.46532024881463,332.4769452756056,332.48402425506833,332.4883349506973,332.4909599190823,332.4925583755119,332.49353174456496,332.49412447096165,332.49448540763103,332.494705197538,332.4948390370933,332.49492053777243,332.49497016705294,332.49500038846173,332.49501879158214,332.49502999803536,332.4950368221291,332.49504097761314,332.4950435080671,332.4950450489694,332.4950459872918,332.4950465586761,332.4950469066173,332.49504711849386,332.49504724751404,332.4950473260802,332.4950473739224,332.4950474030561,332.4950474207966,332.49504743159974,332.49504743817727
0.5979184717372462,0.4838857415459506,0.0,99.59102547565364,184.98569798265143,241.04297093779155,275.72938589939497,296.9114453592696,309.81269675143847,317.6674337768867,322.4498183362236,325.3617748655601,327.13491564208414,328.214635500176,328.872117193831,329.2724843849186,329.51628474553416,329.66474516723144,329.7551490862076,329.8101999230694,329.84372275025413,329.86413624544036,329.8765669032552,329.88413646708767,329.88874590108674,329.89155278432054,329.89326201662124,329.8943028419128,329.89493664533774,329.89532259558774,329.89555761734624,329.8957007322341,329.8957878810646,329.8958409497469,329.89587326555704,329.89589294404755,329.8959049271296,329.89591222414555,329.89591666761356,329.89591937343226,329.8959210211222,329.8959220244715,329.89592263545495,329.89592300750815,329.8959232340678,329.89592337203044,329.89592345604126,329.895923507199,329.8959235383517,329.895923557321,329.89592356887323,329.89592357590647
0.2458675149186308,0.4549300267532873,0.0,129.9238400943946,204.57655046383147,247.19026992749878,272.67884078392666,288.16012006293033,297.59180475754,303.33888392877503,306.83994959316226,308.972356026601,310.2710074259541,311.0618522758554,311.54344333492753,311.83670820870213,312.01529079097224,312.12403770425857,312.1902584717778,312.2305831780566,312.255138638778,312.27009152053387,312.27919697611463,312.2847416811192,312.2881180913076,312.2901741331763,312.2914261457876,312.2921885502879,312.2926528112837,312.29293551983494,312.29310767326757,312.29321250492046,312.2932763414367,312.29331521424695,312.29333888557636,312.29335330007075,312.2933620776785,312.29336742274285,312.293370677582,312.2933726595947,312.2933738665283,312.2933746014809,312.29337504902605,312.2933753215551,312.29337548751045,312.2933755885675,312.2933756501056,312.29337568757876,312.2933757103974,312.2933757242928,312.29337573275507,312.29337573790826
0.2006741278139187,0.3810902929551452,0.0,148.51248590091282,218.01256974470175,254.88140243329806,276.5336006701896,289.6322042766417,297.60595925299936,302.4640951167839,305.42364208245124,307.2262557509619,308.3240743020749,308.99262178064015,309.3997404061109,309.64765577412254,309.7986230987556,309.8905539026578,309.9465346229461,309.98062372637287,310.0013820612569,310.01402271008163,310.02172014764113,310.0264074498913,310.02926175062413,310.03099985755165,310.03205826587543,310.03270277637876,310.0330952466351,310.03333423870924,310.03347977129437,310.0335683923648,310.0336223575577,310.0336552192921,310.0336752302202,310.03368741573786,310.03369483602495,310.0336993545579,310.03370210608773,310.0337037816125,310.0337048019122,310.03370542321676,310.03370580155536,310.0337060319426,310.03370617223516,310.03370625766604,310.0337063096876,310.0337063413665,310.03370636065677,310.03370637240374,310.0337063795567,310.03370638391226
0.3815527237607635,0.7985505744893336,0.0,96.36239972420202,178.4255043994156,232.5441902607166,266.21618836449284,286.8530723349527,299.4467348537195,307.1215882750387,311.79658936574504,314.6437659201997,316.3776292115162,317.4334777353635,318.07643553425646,318.46796168201183,318.7063791113685,318.85156178941645,318.93996976684974,318.99380518257965,319.0265878807133,319.0465506753469,319.05870688006627,319.06610931656786,319.07061697906084,319.07336188902383,319.07503338303326,319.07605122780876,319.0766710373881,319.07704846617355,319.0772782988402,319.0774182538657,319.0775034785182,319.07755537548496,319.0775869777877,319.0776062217933,319.0776179402979,319.0776250762013,319.07762942155995,319.07763206763747,319.07763367894745,319.07763466014404,319.0776352576364,319.07763562147625,319.07763584303336,319.07763597794906,319.0776360601048,319.0776361101341,319.0776361405978,319.0776361591483,319.0776361704458,319.0776361773246
0.5884941340291796,0.1313522675865322,0.0,97.95561999231504,183.3363074038389,239.75292714908565,274.73961871960995,296.12036224568817,309.14574357598474,317.0767636773805,321.905779013121,324.8461843836183,326.63666683710886,327.72695337050175,328.39087212656995,328.79516015746617,329.04134851663287,329.19126327564544,329.28255288129253,329.33814308462365,329.37199436991983,329.39260788377754,329.4051603443641,329.41280408037176,329.4174586815385,329.4202930692411,329.42201905030157,329.42307007467974,329.4237100887879,329.4240998209998,329.4243371457611,329.4244816630489,329.4245696658612,329.42462325457046,329.4246558870478,329.42467575837117,329.4246878588772,329.4246952273974,329.42469971440727,329.42470244674104,329.42470411057707,329.42470512375877,329.4247057407289,329.424706116428,329.42470634520765,329.4247064845217,329.42470656935586,329.4247066210149,329.42470665247254,329.42470667162837,329.4247066832933,329.4247066903963
0.5896505703213294,0.8687467667340645,0.0,98.12553093223714,183.51839282257572,239.90167501825235,274.8571470413576,296.21598874542934,309.22713710146326,317.14916471997253,321.972574144247,324.90951144915556,326.697858805706,327.7868351490427,328.4499517147825,328.8537493581684,329.09963827011444,329.24937032039253,329.34054850827414,329.3960707951357,329.4298806927838,329.4504689906139,329.46300609024644,329.47064046975487,329.4752893722266,329.47812028925875,329.47984415666343,329.4808938938516,329.4815331240935,329.48192237895626,329.48215941303215,329.48230375330525,329.48239164832427,329.4824451713927,329.4824777638984,329.4824976108807,329.48250969656556,329.48251705605884,329.4825215375725,329.4825242665599,329.482525928358,329.4825269402981,329.4825275565122,329.48252793175214,329.4825281602515,329.4825282993947,329.4825283841248,329.48252843572095,329.4825284671396,329.4825284862724,329.48252849792306,329.48252850501706
0.8688615114598792,0.5887009077470214,0.0,215.65094423781872,277.9462439099836,305.3541902115278,320.54179469233753,329.55130711096336,334.99488190275935,338.3011453395584,340.3125619350442,341.53693583109236,342.2823897451981,342.7362964081403,343.01269079749,343.1809967400686,343.2834847664884,343.3458939367419,343.3838975103464,343.4070395067309,343.42113166066844,343.4297129791694,343.4349385135303,343.4381205665931,343.4400582558896,343.44123819846146,343.441956716383,343.44239425293785,343.44266068782,343.4428229315131,343.4429217286975,343.44298189056497,343.4430185257212,343.44304083444814,343.4430544191958,343.44306269153384,343.4430677289169,343.44307079639754,343.4430726643181,343.44307380177634,343.44307449442334,343.4430749162052,343.44307517304736,343.44307532944896,343.44307542469016,343.44307548268495,343.4430755180014,343.4430755395061,343.4430755526025,343.4430755605775,343.4430755654336,343.44307556839055
0.2566579109295378,0.7442877518718178,0.0,126.26886556639002,201.80639289207897,245.6023277267998,271.90740514874255,287.899407979546,297.6438725144357,303.5816027857,307.1987610200949,309.4018480612832,310.7435326081632,311.56057881300586,312.0581235134358,312.3611025957783,312.5456002947043,312.65794905384814,312.7263630866131,312.7680233430789,312.7933920675861,312.80884017621963,312.8182471948292,312.8239755337049,312.8274637660998,312.82958790116766,312.83088137859346,312.83166903277595,312.83214866937755,312.8324407407924,312.8326185956747,312.8327268991858,312.832792849865,312.83283301007856,312.8328574653656,312.8328723572448,312.83288142555267,312.83288694763655,312.83289031027147,312.832892357925,312.83289360482945,312.8328943641227,312.83289482649013,312.8328951080452,312.83289527949614,312.8328953839004,312.83289544747646,312.83289548619126,312.8328955097655,312.83289552412117,312.83289553286284,312.83289553818577
0.9019236259658688,0.9004293346215939,0.0,242.7416386498957,294.9919133732819,316.1714249632839,327.73014545579844,334.565847805142,338.69290423019254,341.1990191459091,342.72354485008987,343.65151650794667,344.21650020195295,344.56051631312675,344.7699949722904,344.89755335053354,344.97522848368277,345.0225280154264,345.05133067327546,345.0688698311844,345.0795501728502,345.08605389056265,345.0900142836492,345.09242593736997,345.0938944971618,345.0947887664903,345.09533332562904,345.095664931166,345.09586686007725,345.09598982330056,345.09606470091035,345.096110297117,345.0961380626138,345.096154970223,345.096165265995,345.0961715355352,345.0961753533289,345.0961776781482,345.09617909383064,345.0961799559004,345.0961804808525,345.0961808005187,345.09618099517684,345.09618111371213,345.0961811858933,345.0961812298479,345.0961812566148,345.09618127291264,345.0961812828381,345.0961812888827,345.0961812925626,345.0961812948027
0.616442970237797,0.7494791945197192,0.0,103.01235568738063,188.39671780002317,243.68648967902075,277.74043617809434,298.5059656229453,311.1475493058643,318.8429041458593,323.5279362235011,326.3805305662082,328.1174990608605,329.1751841180715,329.8192450575529,330.21143871626555,330.4502614457398,330.59569060471443,330.684248586983,330.7381753236897,330.7710136250906,330.7910102775128,330.8031870994048,330.81060209055727,330.8151173981318,330.81786696352594,330.819541292436,330.820560863509,330.82118172430694,330.82155979322533,330.82179001569773,330.8219302080916,330.8220155772896,330.82206756227555,330.82209921817713,330.82211849482064,330.8221302332012,330.822137381207,330.82214173393567,330.82214438450205,330.8221459985441,330.82214698140405,330.82214757991034,330.8221479443671,330.8221481663001,330.82214830144505,330.8221483837398,330.82214843385304,330.8221484643694,330.82214848295166,330.8221484942672,330.8221485011582
0.8925947236637144,0.7416084171533844,0.0,234.9682272233827,290.16459590882283,313.11257877645835,325.6982271784876,333.14876886945234,337.64814929562743,340.3805490888104,342.04276896739213,343.0545641838542,343.67058557355847,344.0456792241525,344.27408197661754,344.4131639754288,344.49785632745716,344.5494289480391,344.58083367645503,344.5999573489423,344.611602570713,344.6186938459452,344.6230120283396,344.6256415554888,344.62724278784935,344.62821784724537,344.6288116029483,344.62917316639994,344.6293933379791,344.62952740994973,344.6296090521565,344.62965876761774,344.62968904150637,344.6297074765835,344.6297187024972,344.6297255384403,344.62972970114043,344.62973223598914,344.6297337795679,344.6297347195197,344.6297352918952,344.62973564044034,344.62973585268526,344.62973598192883,344.62973606063167,344.6297361085572,344.6297361377416,344.6297361555126,344.62973616633377,344.6297361729245,344.629736176937,344.6297361793802
0.4338623734742604,0.6442198041146294,0.0,91.25500751196041,174.58593815772645,230.92218471384584,266.2126979158134,287.8715540370731,301.090496037099,309.14576495694166,314.05214421661566,317.0401156748611,318.8596839137504,319.96771314985483,320.64244377316754,321.05331723879294,321.3035159892104,321.4558728185813,321.54864945570597,321.6051451440098,321.639547800913,321.6604970603384,321.6732539669762,321.68102219722664,321.68575260751095,321.6886331583012,321.6903872499013,321.69145539192994,321.6921058296841,321.69250190928994,321.69274309924714,321.6928899702177,321.69297940628735,321.6930338677688,321.6930670317143,321.69308722667097,321.69309952425186,321.6931070127795,321.6931115728666,321.6931143497006,321.69311604063466,321.69311707031727,321.6931176973354,321.693118079154,321.6931183116598,321.6931184532421,321.6931185394588,321.69311859195847,321.69311862392857,321.69311864339636,321.69311865525134,321.6931186624706
0.1718551922037743,0.8287840592270355,0.0,163.09010710960675,227.88801480652936,260.48734901617524,279.40556160698225,290.8218714690075,297.7679663670647,301.9995544091947,304.57736321221296,306.14745855835434,307.1036668851783,307.6859749914648,308.04057626989436,308.25651061514935,308.38800294009087,308.46807442287064,308.5168334266019,308.54652488793806,308.56460529709756,308.57561523634206,308.5823196622826,308.5864022759555,308.5888883553074,308.59040223616705,308.5913241034843,308.59188546824237,308.5922273074525,308.59243546809074,308.5925622260825,308.59263941449046,308.5926864178423,308.59271504021143,308.5927324696063,308.5927430831168,308.5927495461413,308.5927534817554,308.59275587832116,308.5927573376935,308.59275822636783,308.5927587675201,308.5927590970503,308.5927592977168,308.5927594199112,308.59275949431986,308.592759539631,308.5927595672226,308.5927595840247,308.5927595942558,308.59275960048615,308.5927596042799
0.8880638621218446,0.5355763112564238,0.0,231.30298717417114,287.8556356567823,311.6448241589836,324.7215142001148,332.4665105935607,337.14431733295226,339.9851942384806,341.7134355575197,342.7654276587062,343.4059259402682,343.79592483295363,344.03340425894464,344.1780135733506,344.2660718168196,344.31969410765566,344.3523469842969,344.3722307151341,344.38433877237566,344.3917118894907,344.3962016981838,344.39893573626307,344.40060060995705,344.40161442335943,344.40223177807195,344.4026077119876,344.4028366343675,344.4029760350808,344.40306092218844,344.4031126136103,344.4031440907476,344.40316325853485,344.40317493062634,344.4031820382674,344.4031863664163,344.40318900201254,344.40319060694134,344.40319158425086,344.4031921793774,344.40319254177604,344.4031927624562,344.4031928968373,344.4031929786677,344.40319302849826,344.4031930588417,344.40319307731943,344.40319308857147,344.4031930954233,344.4031930995954,344.4031931021363
0.2856583477253476,0.7077329876767209,0.0,116.87537797029697,194.64861954391634,241.50480516268715,269.9352549075991,287.2593362009947,297.82031552316226,304.255987610054,308.1764554570372,310.56424972879387,312.01841056915373,312.9039481418732,313.4432000732827,313.77157645634816,313.9715396616055,314.0933060348653,314.1674548599961,314.21260727954024,314.2401025331332,314.25684557723275,314.2670411379907,314.2732496542352,314.2770302873619,314.2793324778571,314.2807343809173,314.28158806014807,314.2821079022505,314.2824244565294,314.2826172200846,314.28273460212904,314.28280608111965,314.28284960776034,314.2828761130095,314.2828922531997,314.2829020816577,314.28290806662943,314.28291171113716,314.28291393043514,314.28291528186145,314.282916104803,314.28291660592794,314.2829169110845,314.2829170969078,314.28291721006303,314.28291727896834,314.282917320928,314.2829173464787,314.2829173620381,314.282917371512,314.28291737728193
0.07368116118786416,0.3274928298847269,0.0,228.97960798019687,266.90732441801055,282.1456610768101,290.6556932838356,295.75591542199857,298.8551060918303,300.742780670922,301.89272544316856,302.59315526427224,303.01973524667835,303.2795158292502,303.4377126515937,303.53404705741286,303.59270968821244,303.628432032047,303.6501849507701,303.66343125505364,303.6714975057646,303.6764093954212,303.67940045753426,303.68122184452415,303.68233096573283,303.68300635752445,303.68341763273963,303.6836680759691,303.68382058165884,303.68391344895457,303.68396999985663,303.6840044361422,303.6840254058817,303.6840381752607,303.68404595108655,303.6840506861228,303.68405356949035,303.6840553252977,303.6840563944844,303.684057045558,303.68405744202465,303.68405768345076,303.6840578304653,303.6840579199885,303.68405797450345,303.68405800770006,303.6840580279143,303.6840580402243,303.68405804772016,303.6840580522856,303.6840580550646,303.68405805675684
0.3283478643596808,0.926831401233524,0.0,105.99025155237953,186.0949406614459,236.67366948981984,267.76196873338506,286.7621878801368,298.35148435064383,305.4141635622403,309.71646795451505,312.3367527085752,313.9324736106638,314.90420806580227,315.4959471392497,315.8562845330312,316.07570992457426,316.2093275651545,316.29069309921783,316.34024006813553,316.37041134570404,316.3887839333888,316.39997179230835,316.4067845611809,316.41093314956987,316.4134594037988,316.4149977488885,316.4159345135385,316.41650494992916,316.4168523132486,316.41706383775676,316.41719264415394,316.41727107992574,316.41731884284997,316.41734792775566,316.4173656388093,316.41737642383447,316.4173829913009,316.4173869905143,316.4173894258084,316.417390908764,316.4173918117997,316.4173923616965,316.41739269655255,316.4173929004612,316.4173930246301,316.4173931002415,316.41739314628467,316.41739317432234,316.41739319139526,316.41739320179295,316.41739320812337
0.3276113117687697,0.0725635653276086,0.0,106.12547531602671,186.1961847927216,236.72316717443428,267.7763521299232,286.7556062775659,298.3326223324133,305.3880745787872,309.6860916339474,312.30381529143955,313.89799822350693,314.8688055396331,315.4599841356647,315.81998202010266,316.0392014521967,316.17269401754015,316.25398353776484,316.3034842842018,316.33362744364894,316.3519829215852,316.3631603671558,316.36996679730646,316.3741115268326,316.37663543169737,316.3781723463612,316.37910824005104,316.3796781461161,316.38002518651444,316.38023651438897,316.3803652010513,316.3804435639119,316.38049128243983,316.38052034030954,316.38053803490016,316.38054880989984,316.3805553712619,316.3805593667586,316.38056179978935,316.3805632813659,316.38056418356246,316.3805647329483,316.38056506749297,316.3805652712118,316.38056539526514,316.3805654708068,316.38056551680717,316.3805655448186,316.3805655618766,316.3805655722634,316.38056557858835
0.8920542699740891,0.1489024698648702,0.0,234.67125729900962,289.91012115032834,312.94265453835925,325.58345181820033,333.0680449571405,337.58830711598125,340.33348659081236,342.00351823078375,343.0200840604078,343.63901670948337,344.0158859472948,344.24537117556787,344.3851128910681,344.4702072157071,344.5220247214775,344.55357861791975,344.572793145818,344.58449370238696,344.5916186773179,344.5959573826448,344.5985994078534,344.60020825115396,344.60118794532497,344.6017845234063,344.6021478055542,344.60236902373384,344.6025037330298,344.60258576333314,344.6026357151251,344.60266613292634,344.6026846556379,344.60269593491626,344.6027028033543,344.6027069858439,344.6027095327423,344.60271108365765,344.6027120280779,344.60271260317586,344.60271295337816,344.60271316663034,344.60271329649004,344.6027133755661,344.6027134237195,344.6027134530421,344.60271347089775,344.6027134817716,344.6027134883924,344.6027134924243,344.6027134948793
0.9274364346723916,0.3276113117687697,0.0,267.0079381265728,308.92311176131835,324.8395088609409,333.4523781177457,338.5387993910864,341.6088349756228,343.4729716673625,344.60695982584815,345.29721661606567,345.7174734769852,345.97336755554505,346.1291875724242,346.2240717861013,346.28185053009867,346.3170344114692,346.3384593736725,346.351505953206,346.3594505778625,346.36428840274493,346.36723436321915,346.36902828576154,346.37012068265057,346.3707858902735,346.3711909639062,346.3714376307236,346.3715878367931,346.3716793037499,346.3717350019255,346.37176891895007,346.3717895724882,346.37180214931936,346.3718098078941,346.37181447153023,346.3718173114204,346.37181904075203,346.37182009381536,346.3718207350731,346.37182112556036,346.37182136334604,346.3718215081447,346.3718215963175,346.3718216500099,346.3718216827069,346.3718217026159,346.3718217147394,346.3718217221232,346.3718217266193,346.3718217293563,346.371821731023
0.1761209759572582,0.4330380946456789,0.0,161.01599752427032,226.47217174686853,259.6815386883752,278.99390774169507,290.6536151616307,297.748629203968,302.07108986132596,304.7042958082059,306.3081468886368,307.2849191079517,307.87975294164005,308.24198313318783,308.4625636724198,308.5968855316462,308.67868015517683,308.72848850374777,308.7588189782636,308.777288519652,308.78853542246867,308.79538414757405,308.7995546320327,308.8020942200468,308.8036406847917,308.80458239391,308.8051558412266,308.8055050380398,308.8057176790463,308.8058471653292,308.8059260151141,308.80597403014934,308.8060032685761,308.8060210731159,308.8060319150682,308.8060385172003,308.8060425375239,308.80604498567214,308.80604647645504,308.8060473842576,308.8060479370574,308.80604827368114,308.8060484786655,308.8060486034893,308.8060486795004,308.8060487257865,308.80604875397256,308.8060487711356,308.8060487815878,308.80604878795174,308.8060487918273
0.4316503391570891,0.1775134758612616,0.0,91.41717750673244,174.69358764003476,230.95053367900897,266.18602769365185,287.81128304509275,301.0101538666664,309.05341990144376,313.95258780315874,316.9362093784205,318.7531462705747,319.85958060015054,320.5333432038301,320.94362857693693,321.1934698096939,321.34560919116467,321.43825352834176,321.49466870307805,321.5290223534804,321.5499417802232,321.5626805246085,321.5704376968984,321.5751613743109,321.57803782551383,321.57978942085094,321.58085604286464,321.58150555504517,321.58190107104195,321.58214191780036,321.5822885797833,321.58237788859344,321.58243227258043,321.58246538933753,321.5824855555589,321.58249783564133,321.5825053135135,321.58250986711226,321.58251263999506,321.5825143285229,321.5825153567406,321.58251598286677,321.582516364142,321.5825165963165,321.58251673769763,321.58251682379074,321.58251687621737,321.5825169081414,321.5825169275819,321.5825169394196,321.5825169466278
0.429911275392537,0.8216564089712073,0.0,91.5411911780776,174.7858977327037,230.9844967337425,266.1756608691807,287.77194299017225,300.9525926371019,308.984540938793,313.8767200202017,316.8560420927063,318.67034113696,319.7751603544607,320.4479355293725,320.85761788168656,321.1070911451231,321.2590061181485,321.35151365573023,321.4078454625133,321.4421483181628,321.4630368013335,321.47575669738353,321.4835023897178,321.48821907544124,321.49109126864397,321.49284027089914,321.49390531378583,321.49455386432925,321.49494879472707,321.49518928488015,321.49533572970904,321.4954249062821,321.49547920974425,321.495512277466,321.4955324138274,321.4955446757271,321.49555214252666,321.49555668938336,321.4955594581603,321.4955611441876,321.49556217088235,321.49556279608163,321.4955631767924,321.4955634086236,321.4955635497957,321.495563635761,321.49556368810966,321.4955637199863,321.4955637393978,321.4955637512181,321.49556375841576
0.4901263784936352,0.1054100181072879,0.0,89.84743095869175,174.17955048017447,231.69164151473652,267.7824812437429,289.9321667363286,303.44730623738684,311.6816369434985,316.6966240918387,319.75061031715654,321.61034778403206,322.7428317704152,323.43245340191316,323.8523950094213,324.1081160739689,324.2638358723627,324.3586604649684,324.4164032887538,324.451565401946,324.4729771368795,324.4860156691896,324.4939553954054,324.498790237841,324.501734382251,324.5035271989157,324.50461892238036,324.50528371992,324.5056885438327,324.5059350585826,324.5060851720507,324.5061765826192,324.50623224645807,324.50626614257123,324.50628678337665,324.50629935245394,324.5063070063072,324.50631166706887,324.50631450520746,324.5063162334727,324.5063172858878,324.50631792674915,324.50631831699707,324.5063185546354,324.50631869934426,324.5063187874632,324.50631884112306,324.50631887379836,324.50631889369623,324.5063189058134,324.50631891319114
0.8224865241387385,0.4316503391570891,0.0,183.68111584008366,255.8828657298111,291.00647038647116,310.91755801762616,322.78982383710235,329.9723210657395,334.3363387326175,336.9915651396011,338.6079027386986,339.5920192774834,340.19125252528613,340.5561412342807,340.7783349054863,340.9136374535692,340.9960288066403,341.0462004020066,341.07675203735647,341.0953562430716,341.106685145992,341.11358380371104,341.1177846940731,341.1203427974926,341.1219005370504,341.1228491118832,341.12342674002815,341.1237784827283,341.12399267403464,341.124123104363,341.12420252901694,341.124250894115,341.12428034571064,341.1242982800575,341.1243092010549,341.12431585132146,341.1243199009553,341.1243223669522,341.1243238686045,341.124324783025,341.1243253398557,341.1243256789335,341.12432588541253,341.1243260111463,341.1243260877114,341.1243261343354,341.12432616272696,341.12432618001554,341.12432619054323,341.1243261969536,341.12432620085804
0.4657626854386868,0.5732737052588226,0.0,89.93190133432824,173.86682398325593,231.02666108260232,266.89511545338974,288.9127259879278,302.3492966196739,310.5364122005308,315.5228230857151,318.55944897271513,320.40862176593043,321.5346721302334,322.2203749484759,322.6379294656443,322.892196519531,323.0470307073972,323.14131591947273,323.19873024824057,323.2336923073461,323.25498221212325,323.267946552992,323.2758410991627,323.2806484287815,323.2835758191264,323.28535843337664,323.28644394408843,323.2871049583868,323.2875074785088,323.28775259037604,323.2879018495666,323.2879927399266,323.2880480869883,323.28808179020115,323.28810231354277,323.2881148110897,323.28812242138605,323.28812705562353,323.2881298776111,323.2881315960401,323.2881326424665,323.2881332796804,323.2881336677078,323.28813390399387,323.2881340478787,323.2881341354969,323.28813418885113,323.2881342213406,323.28813424112474,323.28813425317276,323.2881342605086
0.1846715804519674,0.5717757235796116,0.0,156.4513520635264,223.44695165529726,257.97236001240304,278.1160137601488,290.28539645466066,297.69141091244364,302.2033966788832,304.9520453291291,306.6262009866819,307.64578544884523,308.26668925093117,308.6447942974203,308.87504155534134,309.01524981139517,309.1006288749789,309.15261992479975,309.1842795316917,309.203558435286,309.2152981919634,309.2224470362955,309.2268002759676,309.22945115136895,309.231065383742,309.2320483594642,309.2326469357835,309.2330114347262,309.23323339385666,309.23336855434616,309.2334508593994,309.23350097849755,309.233531498178,309.2335500829281,309.2335613999849,309.2335682914287,309.2335724879262,309.23357504335456,309.23357659946487,309.233577547048,309.2335781240718,309.2335784754466,309.23357868941406,309.23357881970776,309.23357889904946,309.23357894736387,309.23357897678466,309.2335789947005,309.23357900561035,309.23357901225336,309.23357901629834
0.8162644031523556,0.5677029779159446,0.0,179.6236291066907,252.99152593243528,289.11252764625755,309.64392440896705,321.89327748663504,329.3049448361901,333.80835956933964,336.5484211173959,338.21640207203933,339.2319608169143,339.8503385337589,340.22688436144296,340.4561762502931,340.59580108548823,340.6808244141311,340.7325987111686,340.7641262913753,340.78332478799075,340.7950155785318,340.802134604474,340.8064696862225,340.80910950442126,340.81071700357086,340.81169587913746,340.8122919586945,340.81265493725095,340.8128759705521,340.81301056726534,340.81309252900945,340.8131424390519,340.8131728314302,340.8131913386602,340.8132026085117,340.8132094712099,340.81321365020307,340.81321619497226,340.8132177445919,340.8132186882219,340.8132192628395,340.8132196127487,340.81321982582347,340.8132199555742,340.81322003458445,340.813220082697,340.8132201119957,340.8132201298368,340.81322014070105,340.8132201473162,340.81322015134464
0.5683347097615911,0.1821677551992368,0.0,95.25450979726156,180.50829781741365,237.45947198830095,272.9132853423736,294.60682778033737,307.828345716425,315.8800026585681,320.7827544638298,323.7681287453393,325.5860120497242,326.6929886905513,327.3670719676647,327.7775499220129,328.0275076683928,328.17971778665765,328.2724051383304,328.3288464894372,328.3632160749375,328.38414520387545,328.39688985595234,328.4046506255761,328.40937649352685,328.4122542786324,328.41400668623754,328.4150738028752,328.4157236162535,328.41611931566234,328.41636027410755,328.41650700410275,328.41659635432694,328.4166507635341,328.4166838956479,328.41670407122155,328.41671635699925,328.41672383833844,328.4167283940492,328.4167311682173,328.4167328575284,328.41673388622297,328.41673451263927,328.4167348940912,328.416735126374,328.4167352678207,328.4167353539542,328.41673540640414,328.41673543834355,328.4167354577922,328.4167354696359,328.4167354768474
0.5683110682331478,0.8180360275914091,0.0,95.27689457493891,180.532341304847,237.47822018868231,272.9262972993395,294.6152296798088,307.83342435863034,315.88282227009216,320.7840928855184,323.7685183624356,325.5858032354089,326.69240637922667,327.3662582289858,327.77659350765725,328.02646360566115,328.1786200148947,328.2712745135191,328.32769579444613,328.3620531300713,328.38297478714287,328.39571488384973,328.40347287713433,328.40819705341073,328.4110738079266,328.41282558776106,328.41389232203466,328.414541902537,328.4149374601202,328.41517833219484,328.4153250095912,328.4154143277848,328.4154687174864,328.41550183772205,328.4155220060626,328.41553428743583,328.41554176609253,328.4155463201696,328.41554909334377,328.4155507820488,328.4155518103745,328.4155524365663,328.41555281788175,328.4155530500812,328.41555319147704,328.4155532775796,328.4155533300109,328.4155533619384,328.4155533813808,328.4155533932195,328.41555340042925
0.4346316189919057,0.4583000690375523,0.0,91.20279973498761,174.54506858497382,230.9065969400291,266.2169243031042,287.8887917548962,301.11589430611986,309.1762124830237,314.0856994381489,317.07557794795633,318.89631405720496,320.00505740940986,320.68022420167114,321.0913638507131,321.3417249481574,321.49418075050147,321.58701770612794,321.6435501467351,321.6779751932478,321.6989380908582,321.71170330420955,321.71947659358057,321.72421008493467,321.72709251207436,321.72884774633235,321.7299165842045,321.73056744570073,321.73096378334645,321.7312051304394,321.73135209709693,321.7314415914347,321.73149608839856,321.73152927395074,321.731549482065,321.7315617876575,321.7315692810642,321.73157384412264,321.73157662276583,321.73157831480205,321.7315793451551,321.73157997258124,321.73158035464894,321.7315805873062,321.731580728981,321.7315808152534,321.73158086778886,321.73158089977875,321.7315809192591,321.73158093112164,321.73158093834525
0.3322740191719645,0.7784789521797267,0.0,105.10796005617306,185.39515791277563,236.28345348288696,267.5950608777149,286.73648776474096,298.41249218014036,305.5280643646071,309.86258976114533,312.5024978004213,314.1101692588436,315.08918151297354,315.6853526591091,316.0483890838195,316.2694581026722,316.40407665134825,316.4860516961922,316.53596982905844,316.56636712726606,316.5848773499482,316.59614902131835,316.6030128274551,316.60719249474545,316.609737674305,316.61128754386647,316.6122313262732,316.612806036083,316.61315600167393,316.6133691108175,316.6134988821679,316.6135779055419,316.61362602628293,316.6136553290777,316.6136731728139,316.61368403863486,316.613690655302,316.6136946844762,316.6136971380139,316.61369863207864,316.6136995418794,316.6137000958968,316.6137004332609,316.61370063869714,316.61370076379643,316.6137008399737,316.61370088636215,316.61370091460947,316.6137009318114,316.6137009422856,316.613700948664
0.2215210478202733,0.3322740191719648,0.0,139.53812409837198,211.60308389649788,251.2155265363839,274.68507197828245,288.91036319673526,297.5733222102759,302.8516930245138,306.06724913384636,308.02578300151134,309.2185546447819,309.9449250633008,310.3872551780879,310.6566125490843,310.82063691028264,310.92051873616475,310.98134118837186,311.0183786360165,311.04093234689407,311.05466627847017,311.0630294634291,311.06812216815126,311.071223336009,311.073111771009,311.0742617205946,311.074961974527,311.07538838936574,311.07564805176014,311.0758061713964,311.0759024572652,311.07596108988565,311.07599679381724,311.0760185354816,311.0760317749193,311.0760398369842,311.0760447463239,311.0760477358316,311.0760495562726,311.07605066481705,311.0760513398581,311.07605175091965,311.07605200123277,311.07605215365925,311.07605224647756,311.0760523029993,311.07605233741765,311.07605235837656,311.07605237113916,311.0760523789112,311.0760523836437
0.6679583688496387,0.2210582203849225,0.0,115.32029807882937,200.1473997855213,252.4873465360909,284.2198430950166,303.47872127038823,315.1865786215178,322.31040097202833,326.64684318018067,329.2870584905637,330.89468135188423,331.87360040206875,332.4696980700455,332.8326855575223,333.053723819902,333.1883234681095,333.270286998068,333.32019813613726,333.35059118790514,333.3690988319842,333.3803689367364,333.38723179059326,333.39141087877925,333.3939557060486,333.3955053612416,333.3964490131801,333.3970236435719,333.39737356081605,333.3975866405245,333.3977163939539,333.3977954064151,333.39784352051197,333.3978728192607,333.3978906605335,333.3979015248544,333.3979081406083,333.39791216922515,333.3979146224246,333.3979161162836,333.39791702595846,333.3979175798991,333.39791791721734,333.39791812262496,333.3979182477061,333.3979183238738,333.3979183702558,333.397918398499,333.3979184156983,333.3979184261717,333.3979184325487
0.6777990580323514,0.06974109873920264,0.0,118.22601592832262,202.80938008189352,254.42791577004712,285.6151989717903,304.52440308886014,316.01638180024986,323.0082333986536,327.2642184904498,329.85542195929384,331.4331960814795,332.39393849099406,332.9789676553964,333.335215129919,333.5521491570547,333.6842495853538,333.76469124507906,333.8136756565557,333.8435043871766,333.8616683929538,333.872729242047,333.8794646713393,333.88356616531325,333.88606374216397,333.88758462455917,333.8885107555075,333.8890747166174,333.88941813687615,333.8896272602915,333.88975460456345,333.8898321499849,333.8898793707379,333.889908125492,333.88992563550244,333.88993629810193,333.88994279102013,333.88994674483746,333.8899491524878,333.88995061861,333.8899515113945,333.88995205505023,333.88995238610585,333.88995258769916,333.8899527104588,333.88995278521145,333.88995283073206,333.88995285845175,333.8899528753309,333.8899528856098,333.8899528918685
0.9301918667805026,0.680903623727782,0.0,269.7529822349149,310.4260590792444,325.77342018879557,334.06948164484345,338.96752322378245,341.92361734451777,343.7185081829537,344.81035321393836,345.4749500387722,345.87958095223314,346.12595908268185,346.2759840411179,346.3673391948566,346.4229688468884,346.4568440095625,346.477472016647,346.4900332869603,346.49768238196265,346.50234024435355,346.505176617137,346.5069038066723,346.5079555668063,346.5085960288906,346.5089860338693,346.50922352472014,346.5093681431421,346.5094562075376,346.5095098337465,346.50954248905873,346.50956237428665,346.5095744832608,346.50958185693656,346.5095863470867,346.50958908133236,346.5095907463322,346.5095917602223,346.50959237762527,346.50959275358656,346.50959298252684,346.50959312193856,346.5095932068315,346.5095932585274,346.5095932900063,346.5095933091759,346.50959332084915,346.5095933279573,346.50959333228496,346.50959333492114,346.5095933365258
0.6777990580323514,0.9302589012607971,0.0,118.22349929988027,202.81264278708045,254.4337673496063,285.62078338217367,304.52874920870204,316.0194554676226,323.01029536208057,327.2655582768422,329.85627489540104,331.4337317700644,332.39427184889894,332.9791737889341,333.3353420289042,333.55222703407935,333.68429727215096,333.7647203993483,333.81369346054805,333.8435152510081,333.86167501814055,333.8727332806722,333.8794671325005,333.88356766483884,333.8860646556485,333.8875851809767,333.8885110944033,333.88907492301666,333.8894182625745,333.8896273368411,333.8897546511801,333.8898321783728,333.8898793880248,333.88990813601896,333.88992564191227,333.8899363020064,333.88994279339767,333.88994674628617,333.8899491533705,333.8899506191472,333.889951511722,333.8899520552499,333.88995238622726,333.8899525877737,333.88995271050453,333.8899527852395,333.8899528307492,333.8899528584628,333.8899528753372,333.8899528856134,333.8899528918717
0.06980813321949753,0.6809036237277821,0.0,232.27228993390986,268.5871663668374,283.0611320782551,291.1346527885451,295.9718879055495,298.91103509691163,300.7011753978887,301.7916866747865,302.4559090172912,302.8604348837463,303.10678361622337,303.256800390445,303.3481532921121,303.40378234066,303.4376573517176,303.45828532716433,303.4708465952734,303.47849569373096,303.483153559574,303.4859899348411,303.48771712599455,303.488768887143,303.4894093498545,303.4897993552175,303.49003684630287,303.4901814648681,303.49026952935077,303.49032315561317,303.49035581095694,303.49037569620486,303.4903878051908,303.4903951788742,303.4903996690285,303.4904024032768,303.49040406827805,303.49040508216984,303.4904056995725,303.49040607553485,303.4904063044758,303.4904064438869,303.4904065287805,303.49040658047556,303.4904066119555,303.4904066311251,303.4904066427979,303.4904066499058,303.4904066542345,303.4904066568701,303.49040665847576
0.5845635389873456,0.5184714042982485,0.0,97.59616956354705,182.936187463664,239.4081855790182,274.44814604495764,295.86524756873536,308.9134709788547,316.85849812326086,321.6960403921189,324.6416265579043,326.4352561190619,327.52745500484076,328.19253631274046,328.5975313612138,328.844149840907,328.9943263339837,329.08577523868973,329.1414624098093,329.17537272699275,329.19602218088727,329.20859652382757,329.2162535835902,329.2209162975737,329.2237556252595,329.2254846143756,329.22653747043773,329.22717859991644,329.22756901131453,329.22780674965867,329.2279515187925,329.2280396749647,329.22809335706046,329.22812604640467,329.22814595235684,329.22815807394977,329.2281654553108,329.22816995014,329.22817268723526,329.2281743539706,329.2281753689175,329.22817598696275,329.2281763633169,329.22817659249523,329.22817673205196,329.22817681703424,329.22817686878284,329.22817690029586,329.2281769194847,329.2281769311701,329.22817693828574
0.4512488490651218,0.2638470039087626,0.0,90.38159680688284,174.05035903705325,230.8795843566409,266.52107518638593,288.39944753116737,301.75216653627234,309.88871540504033,314.8445223016256,317.8625785363416,319.7004668356311,320.8196540263537,321.5011807283512,321.91619346176276,322.1689132105592,322.3228053828274,322.4165170473825,322.47358215519716,322.5083315744772,322.52949200056923,322.54237749927324,322.5502240363514,322.5550021317331,322.5579117203393,322.5596834944508,322.5607624041827,322.5614193988807,322.561819471304,322.5620630926657,322.5622114442246,322.5623017818889,322.56235679239137,322.5623902906591,322.5624106892001,322.56242311075107,322.5624306747703,322.5624352808274,322.56243808565415,322.5624397936348,322.5624408336966,322.56244146703625,322.5624418527038,322.56244208755356,322.5624422305628,322.56244231764845,322.562442370678,322.5624424029713,322.56244242263466,322.5624424346089,322.56244244190054
0.7361529960912372,0.4512488490651219,0.0,139.10052845885915,221.10947224782404,267.4541017204289,294.8057905292906,311.2810600240808,321.2751452664962,327.35217198671785,331.05056990689775,333.3021224633816,334.6730395386635,335.5078090661274,336.01612496616997,336.32565734337544,336.51414411161693,336.6289216064076,336.69881451379,336.7413753049159,336.7672924031467,336.7830744416661,336.7926848057294,336.7985369710629,336.8021006070495,336.8042706587691,336.80559209689295,336.8063967775822,336.80688678237266,336.80718516743,336.8073668669665,336.80747751165273,336.807544887976,336.80758591632616,336.80761090025874,336.80762611405174,336.80763537838817,336.8076410198421,336.80764445516695,336.8076465470836,336.80764782094224,336.80764859665004,336.8076490690118,336.80764935665314,336.8076495318109,336.80764963847173,336.8076497034219,336.80764974297324,336.80764976705734,336.80764978172317,336.8076497906537,336.80764979609285
0.5503475391450408,0.7387459317985362,0.0,93.29681151507403,178.3981703230149,235.6930440646771,271.4598093708968,293.36494812177267,306.7194465747823,314.8528886152326,319.80559129828094,322.82140241115354,324.65781772706566,325.77607553982153,326.4570260234951,326.8716844711045,327.1241872995145,327.2779469495018,327.371577751572,327.4285935537848,327.4633129222375,327.4844550380103,327.49732938207137,327.5051691245912,327.50994308160193,327.51285014979726,327.5146203889577,327.51569836391934,327.5163547893642,327.5167545151305,327.5169979253926,327.51714614840034,327.5172364077843,327.517291370617,327.51732483985654,327.517345220721,327.5173576315078,327.51736518897263,327.5173697910383,327.51737259343406,327.5173742999342,327.51737533909625,327.5173759718864,327.51737635721935,327.51737659186574,327.5173767347521,327.5173768217613,327.5173768747455,327.51737690700924,327.5173769266564,327.51737693861986,327.5173769459057
0.6186412404976355,0.3672389449782243,0.0,103.47452426394688,188.8522352372834,244.0327566920543,277.99826828722354,298.7063236731634,311.31245558226277,318.9862243136715,323.6581484718683,326.5027837593552,328.2349170814423,329.289663117738,329.93193676847284,330.32304314403365,330.56120425550574,330.7062307364718,330.79454360298786,330.84832111866064,330.8810685707174,330.90100990885225,330.9131530509073,330.9205475344522,330.92505035471567,330.9277923163352,330.9294620151051,330.93047876674143,330.93109791068576,330.9314749341499,330.9317045200039,330.9318443247367,330.9319294578706,330.9319812991084,330.9320128674748,330.932032090815,330.932043796736,330.9320509249764,330.9320552656691,330.93205790890516,330.9320595184854,330.93206049862795,330.932061095479,330.9320614589278,330.9320616802471,330.93206181501796,330.93206189708525,330.9320619470605,330.93206197749225,330.93206199602315,330.93206200730725,330.93206201417956
0.3867501024705314,0.590861556599093,0.0,95.84457900388831,178.03594433852683,232.37698832729197,266.2115490884629,286.9513702475654,299.60816741793525,307.32150214235406,312.0199396395523,314.8813909401683,316.62394948327676,317.68509460519437,318.3312786221643,318.72476978929143,318.96438400793875,319.11029555585355,319.19914741550633,319.2532531489326,319.28620046343474,319.3062635037199,319.3184807539431,319.32592036438956,319.33045066401087,319.3332093588335,319.33488924709786,319.335912203523,319.3365351258179,319.336914450075,319.3371454369793,319.3372860948697,319.33737174752764,319.33742390512623,319.33745566613777,319.337475006788,319.33748678414463,319.33749395588524,319.3374983230674,319.33750098243337,319.33750260183587,319.33750358795993,319.33750418845307,319.33750455411905,319.3375047767894,319.33750491238294,319.33750499495136,319.33750504523135,319.3375050758483,319.337505094493,319.3375051058461,319.33750511275986
0.7839529684431032,0.6593281908849193,0.0,161.50761599647686,239.24613013428322,279.9061637223271,303.3863776536674,317.4495736708396,325.96731074694895,331.144254988782,334.2943949858262,336.2120627422446,337.37965675391126,338.0906120049063,338.5235311716229,338.7871508301455,338.94767918432825,339.0454315141586,339.10495702819264,339.1412046503145,339.163277380544,339.17671841443615,339.184903238424,339.189887330308,339.1929223586572,339.1947705182658,339.19589594234515,339.1965812616051,339.1969985820617,339.1972527064887,339.1974074538146,339.19750168613666,339.19755906826373,339.1975940107158,339.19761528868224,339.1976282457537,339.19763613587423,339.1976409405078,339.1976438662573,339.1976456478722,339.19764673277484,339.19764739341866,339.19764779571284,339.19764804068734,339.19764818986306,339.19764828070265,339.1976483360177,339.19764836970273,339.1976483902144,339.1976484027045,339.1976484103107,339.1976484149424
0.3016821990738045,0.4974737144342903,0.0,112.59091218525309,191.29831094933851,239.604062585865,269.0653195619444,287.0392756891678,297.9991251542109,304.67810977353867,308.7467986676313,311.2248613943808,312.7339940365308,313.6530079953837,314.2126459999641,314.5534367621744,314.76095981629027,314.8873297984834,314.96428200069255,315.01114153578607,315.0396763337991,315.0570524049276,315.06763344473103,315.0740766964896,315.07800027050314,315.08038950400396,315.0818444113644,315.08273036722534,315.08326986397236,315.08359838681685,315.08379843855045,315.0839202586815,315.0839944402151,315.08403961255215,315.08406711993615,315.0840838703693,315.0840940704297,315.08410028168777,315.08410406399037,315.0841063671977,315.0841077697202,315.0841086237764,315.08410914384797,315.08410946054215,315.08410965339067,315.0841097708247,315.0841098423353,315.0841098858811,315.084109912398,315.0841099285453,315.08410993837845,315.0841099443655
0.2618307898818616,0.8865874621296932,0.0,124.33280886134953,200.36838513724905,244.77746753704346,271.49932722039904,287.7511162760682,297.6546055698122,303.6892796829272,307.36548000096013,309.60451838249156,310.9680934951681,311.79846889036895,312.3041298804917,312.61205112856317,312.7995582396812,312.9137395219262,312.9832694404381,313.0256092005747,313.05139170097993,313.06709177420424,313.0766522243085,313.0824739939703,313.0860191202835,313.0881779004609,313.0894924747662,313.09029297573926,313.0907804353004,313.09107727045154,313.0912580261781,313.0913680961374,313.09143512248295,313.0914759377165,313.09150079187265,313.0915159266409,313.0915251428541,313.0915307550042,313.0915341724844,313.09153625353525,313.09153752077697,313.09153829245525,313.0915387623633,313.09153904851115,313.0915392227581,313.09153932886466,313.09153939347806,313.09153943282365,313.0915394567826,313.0915394713728,313.0915394802575,313.091539485667
0.535576311256424,0.1119361378781553,0.0,91.92010039397884,176.86631945455508,234.37171256654574,270.34367987142673,292.3909939147569,305.83606472497934,314.0256900207922,319.01290398516215,322.04982678435823,323.89913161478955,325.02525097886604,325.7109936193005,326.1285722119566,326.3828540716505,326.53769740127285,326.63198825279784,326.6894060524118,326.72437024254464,326.7456614530429,326.7586265926559,326.7665216268391,326.7713292543493,326.77425682641154,326.77603955145685,326.7771251296971,326.7777861851447,326.77818873033533,326.7784338574739,326.7785831259651,326.7786740219906,326.7787293725022,326.77876307781713,326.7787836024372,326.77879610076366,326.77880371153447,326.77880834606106,326.7788111682238,326.77881288676076,326.778813933252,326.7788145705051,326.7788149585572,326.7788151948579,326.77881533875166,326.7788154263756,326.7788154797327,326.7788155122247,326.77881553201024,326.7788155440584,326.7788155513953
0.1113515772936003,0.2610321867781361,0.0,200.02825664119823,250.95726972479557,273.395855434345,286.0889905453467,293.71225472817844,298.34641708960885,301.16921679049295,302.8888388509855,303.9362560437658,304.5741590418851,304.96263166216323,305.19919712109544,305.3432543271237,305.4309776631057,305.48439639831344,305.5169254378222,305.53673379551117,305.548795966762,305.5561411460185,305.5606139436182,305.5633376234646,305.56499618980064,305.5660061624691,305.5666211784307,305.5669956881958,305.56722374335465,305.56736261598223,305.5674471815173,305.5674986771211,305.56753003501564,305.5675491301908,305.5675607580665,305.56756783878143,305.5675721505352,305.5675747761472,305.5675763749959,305.56757734860435,305.56757794147626,305.56757830250103,305.56757852234483,305.56757865621756,305.56757873773864,305.5675787873797,305.5675788176078,305.56757883601637,305.5675788472259,305.56757885405085,305.5675788582075,305.56757886073876
0.3597470357825714,0.8467001754537136,0.0,99.82930391779988,181.18614748510765,233.99020989407344,266.6974299732956,286.72263883925365,298.9410041138743,306.3871668353431,310.9229615128005,313.68539853297415,315.36767048101376,316.3921059137993,317.01593580495916,317.3958143799603,317.6271391588037,317.7680028291074,317.85378077853017,317.90601465664986,317.93782210911064,317.9571910343549,317.96898560626016,317.97616782887843,317.9805413936109,317.983204645649,317.98482641461936,317.9858139796709,317.98641535061853,317.98678155132404,317.9870045467304,317.98714033825183,317.9872230275666,317.9872733806579,317.9873040428277,317.98732271434545,317.98733408423794,317.98734100785623,317.9873452239457,317.9873477913044,317.9873493546807,317.9873503066871,317.9873508864052,317.9873512394207,317.987351454387,317.9873515852892,317.9873516650012,317.9873517135413,317.9873517430992,317.98735176109847,317.9873517720595,317.9873517787339
0.6428703792694107,0.6477232047540877,0.0,108.70151543593977,193.93436394312243,247.89109473455545,280.8750239757866,300.9419783486153,313.1496996006014,320.5792515208766,325.10209675650424,327.8558566863188,329.53262425922924,330.5536466776954,331.1753813968047,331.5539795502388,331.78452340420404,331.92491122165444,332.01039932826575,332.06245669297647,332.094156656871,332.113460128219,332.1252148430434,332.1323727953474,332.13673158103444,332.1393858335694,332.1410021223981,332.14198635037457,332.14258568924254,332.1429506525326,332.1431728944229,332.143308227097,332.14339063700066,332.1434408199462,332.14347137850694,332.1434899869324,332.1435013184064,332.1435082186291,332.1435124204728,332.14351497915624,332.1435165372493,332.1435174860394,332.1435180637985,332.14351841562103,332.1435186298609,332.14351876032083,332.14351883976383,332.1435188881397,332.14351891759776,332.143518935536,332.14351894645944,332.1435189531119
0.5618905013598676,0.6664734243457426,0.0,94.48064229931661,179.6878302009565,236.7845273978123,272.3670679908281,294.146700524584,307.4219870132052,315.5065806859859,320.4293949792915,323.4269714933224,325.2522747610987,326.3637641112407,327.040592636412,327.4527410190729,327.7037153839975,327.85654430660907,327.9496083601077,328.0062790504585,328.0407882681615,328.06180241534344,328.0745988343798,328.0823911252459,328.08713618701086,328.09002565969405,328.0917851842099,328.0928566345713,328.09350908690953,328.0939063932827,328.09414833027176,328.09429565614215,328.09438536921925,328.0944399993821,328.0944732660456,328.0944935235516,328.09450585922184,328.0945133709427,328.0945179451545,328.0945207305887,328.0945224267599,328.094523459632,328.0945240885914,328.09452447159333,328.09452470481864,328.09452484684,328.0945249333231,328.09452498598625,328.0945250180552,328.0945250375834,328.09452504947456,328.09452505671493
0.668278066277467,0.6064456730414249,0.0,115.54788054632623,200.33695463362608,252.6159658021412,284.3058887654552,303.53788014329524,315.22907642613853,322.34263180472334,326.67276668266834,329.30911593696976,330.9143731989483,331.89184664611366,332.48706176747817,332.84951083784256,333.0702207961026,333.2046203329606,333.28646192184567,333.3362987676061,333.3666465633035,333.38512664187283,333.39637995767026,333.4032325866388,333.40740544784825,333.4099464829792,333.4114938288615,333.41243607450957,333.4130098485282,333.41335924428085,333.4135720064264,333.4137015664755,333.4137804611789,333.4138285035671,333.4138577586498,333.4138755733326,333.41388642146137,333.41389302735473,333.41389704996783,333.4138994995101,333.41390099114324,333.4139018994625,333.41390245257736,333.41390278939286,333.41390299449404,333.41390311938903,333.4139031954436,333.41390324175575,333.4139032699575,333.413903287131,333.41390329758826,333.4139033039559
0.8944500576984067,0.4895846199432374,0.0,236.58674024371854,291.15644294780725,313.7381338608218,326.1121511530835,333.43634785046544,337.8593471622098,340.54537341092436,342.1793941598758,343.1740306388652,343.77960794885837,344.14834350699044,344.37287524316514,344.5096003010388,344.5928575309015,344.64355629515734,344.67442891689313,344.6932285762494,344.70467649661066,344.7116476283183,344.71589265092933,344.718477628278,344.7200517324931,344.721010272458,344.72159396879647,344.7219494066791,344.72216584814066,344.7222976486843,344.7223779077216,344.7224267809134,344.72245654190624,344.72247466465984,344.72248570038624,344.72249242051566,344.72249651269306,344.7224990045965,344.72250052202304,344.72250144605056,344.7225020087299,344.72250235137074,344.72250256001905,344.7225026870736,344.7225027644427,344.72250281155624,344.7225028402462,344.72250285771617,344.72250286835475,344.7225028748324,344.7225028787778,344.72250288118005
0.3191954428393812,0.5808771845648212,0.0,108.08190817703886,187.762941883645,237.6076716281223,268.16535308301235,286.83030298482754,298.21400023642394,305.1514067823518,309.3774659906983,311.95134585168137,313.51881942189493,314.4733572315089,315.05462632112955,315.40858883633626,315.6241326039203,315.75538669044124,315.83531301223894,315.88398360773084,315.91362123458725,315.9316688640704,315.9426588439922,315.9493511167114,315.95342633019004,315.9559079034432,315.95741904043564,315.95833923693414,315.9588995842777,315.95924080394724,315.95944858732474,315.959575115587,315.95965216410457,315.959699082271,315.95972765276656,315.9597450505737,315.95975564484905,315.95976209616055,315.95976602464265,315.95976841686456,315.9597698735917,315.95977076065566,315.95977130082747,315.95977162976135,315.95977183006283,315.9597719520364,315.9597720263101,315.9597720715392,315.9597720990809,315.9597721158522,315.95977212606476,315.95977213228394
0.5355763112564238,0.8880638621218446,0.0,91.94348484902389,176.89227631143967,234.39276646800184,270.35889829322804,292.4013498843747,305.84285851173127,314.03004324241493,319.0156501728096,322.05154096320945,323.90019384722183,325.0259058857967,325.71139595715954,326.12881876288685,326.3830048863774,326.537789536476,326.6320444882893,326.6894403537561,326.72439115514055,326.7456741985885,326.7586343587725,326.7665263580663,326.77133213632015,326.7742585817717,326.7760406205469,326.7771257807898,326.777786581657,326.77818897180333,326.7784340045203,326.7785832155104,326.7786740765193,326.77872940570745,326.7787630980371,326.77878361475,326.77879610826153,326.7788037160994,326.7788083488409,326.7788111699163,326.7788128877911,326.7788139338793,326.7788145708871,326.77881495878813,326.77881519499874,326.77881533883726,326.77881542642683,326.77881547976364,326.77881551224345,326.77881553202155,326.77881554406497,326.77881555139874
0.7415944501000478,0.1053611968521315,0.0,141.40507333939357,223.01748767854576,268.7782039834354,295.7260138778025,311.94874506828916,321.7881801121302,327.7709474184871,331.41195423723593,333.62856959072485,334.9782179037304,335.8000388524186,336.30047112482407,336.60520341268693,336.7907674619559,336.9037653029575,336.97257455337655,337.0144754814384,337.039990770419,337.05552813426567,337.0649895072563,337.0707509463275,337.07425933554146,337.0763957452766,337.0776966974147,337.07848890333463,337.0789713117127,337.0792650709939,337.0794439536965,337.07955288309324,337.07961921490255,337.0796596072031,337.0796842038188,337.0796991817577,337.0797083024721,337.0797138564675,337.0797172385362,337.0797192980227,337.0797205521332,337.0797213158157,337.0797217808544,337.0797220640368,337.0797222364783,337.07972234148633,337.0797224054294,337.0797224443669,337.07972246807844,337.07972248251684,337.07972249130904,337.079722496663
0.4402364567289713,0.3330209721819118,0.0,90.85799986135073,174.3142638613825,230.85356983078339,266.291747095831,288.0438843838324,301.3199907213451,309.41010626664007,314.3377195799963,317.3386323072742,319.166087900361,320.27892378633976,320.95658321956955,321.369241029468,321.62052674120304,321.7735456472787,321.8667255313593,321.92346680953693,321.9580190323344,321.9790593757635,321.99187175040214,321.99967375883824,322.00442473869913,322.0073178154465,322.0090795347547,322.0101523216727,322.01080558792097,322.0112033899294,322.0114456287362,322.0115931383974,322.01168296339455,322.0117376617108,322.0117709698757,322.0117912526538,322.01180360371285,322.0118111248057,322.0118157047238,322.0118184936328,322.01182019192066,322.01182122608066,322.0118218558257,322.0118222393042,322.01182247282173,322.01182261501964,322.01182270161064,322.01182275433956,322.01182278644825,322.01182280600096,322.01182281790716,322.0118228251574
0.2519169290777273,0.4096843649298393,0.0,127.83938931280142,202.99896015164884,246.28430697440973,272.2362512248437,288.00753248296115,297.61695898403514,303.47244720336664,307.0395567740225,309.2121860632864,310.5353325133232,311.34109404001475,311.8317687488494,312.13056515400746,312.3125161707113,312.42331428949234,312.49078413354084,312.53186946036834,312.5568880974996,312.57212302811706,312.58140023575214,312.58704952814054,312.5904896261638,312.5925844503306,312.59386007916913,312.5946368646147,312.5951098827905,312.59539792396635,312.5955733246662,312.5956801337204,312.59574517436135,312.5957847804137,312.5958088982481,312.5958235846378,312.5958325278134,312.59583797369964,312.5958412899346,312.59584330933336,312.5958445390318,312.59584528784853,312.59584574383535,312.59584602150505,312.5958461905908,312.5958462935537,312.5958463562524,312.5958463944325,312.59584641768254,312.59584643183956,312.5958464404612,312.59584644571095
0.5991539869998355,0.2560235581276552,0.0,99.79786196273538,185.19920933501913,241.21068762068856,275.8579235761439,297.01411938924997,309.8993434722175,317.7443123348764,322.52076661619634,325.4291242490894,327.20007987940966,328.2784721393232,328.93514679029505,329.3350231631216,329.57852492151676,329.7268036345476,329.8170969575558,329.8720804716372,329.90556231356203,329.9259508556583,329.93836632047703,329.94592663352466,329.95053043470824,329.95333388804806,329.9550410318132,329.95608058533753,329.95671361434364,329.957099093022,329.9573338276233,329.95747676765023,329.9575638099996,329.957616813842,329.9576490901678,329.9576687446165,329.9576807130572,329.95768800115724,329.9576924391965,329.95769514170894,329.95769678738606,329.9576977895097,329.95769839974645,329.95769877134563,329.95769899762826,329.9576991354213,329.95769921932975,329.9576992704253,329.9576993015398,329.957699320487,329.9576993320236,329.95769933904944
0.3984436951006315,0.7432269729490026,0.0,94.27687663871883,176.79717049966357,231.7600568731085,266.0523280394889,287.08211276161876,299.91658292758814,307.73807274390197,312.50230038989747,315.40378275789897,317.1707061931118,318.24668389102806,318.9018985373804,319.3008882497292,319.5438505360937,319.6918007722071,319.7818940377702,319.83675570021944,319.8701633254218,319.89050666569284,319.90289460134323,319.9104381489342,319.9150317401146,319.9178289757878,319.91953233319117,319.92056958096686,319.9212012058715,319.92158582951953,319.9218200434496,319.9219626664151,319.92204951569096,319.9221024019624,319.9221346066942,319.92215421754435,319.9221661594373,319.9221734313709,319.92217785956564,319.92218055608487,319.9221821981108,319.9221831980116,319.9221838068942,319.9221841776696,319.92218440345005,319.9221845409373,319.9221846246601,319.92218467564214,319.9221847066867,319.92218472559205,319.92218473710363,319.92218474411374
0.7436763495812786,0.5977571836223171,0.0,142.26556812309838,223.77184639754694,269.3103404761017,296.09622051033364,312.2160132839321,321.99195335101507,327.9358545836315,331.5531271977,333.75526316019506,335.0960829870876,335.91252292760885,336.4096762922404,336.7124109536554,336.89675814120085,337.0090147979213,337.0773726282496,337.1189986316273,337.1443464915398,337.1597818937814,337.169181174963,337.1749048023431,337.178390165814,337.1805125539274,337.1818049675871,337.1825919740097,337.18307121616886,337.1833630473929,337.18354075601417,337.183648970461,337.1837148669058,337.1837549940937,337.18377942926975,337.1837943089027,337.183803369753,337.1838088872958,337.18381224716586,337.1838142931352,337.183815539014,337.1838162976836,337.18381675967055,337.1838170409944,337.18381721230384,337.1838173166225,337.18381738014625,337.18381741882837,337.1838174423839,337.1838174567277,337.1838174654622,337.1838174707812
0.3999790064688482,0.5172074520603754,0.0,94.08822298508116,176.64752799854932,231.68596292688514,266.0348254210924,287.10095605435134,299.95792097475555,307.7932029515996,312.5658637422899,315.47249645287627,317.24256299640865,318.32045777921354,318.97684122182994,319.3765432897352,319.61993963733664,319.7681543144672,319.8584086634716,319.91336844026506,319.9468358219251,319.9672155550423,319.9796256538687,319.9871826984489,319.9917845089128,319.9945867498315,319.99629315521787,319.99733225907454,319.9979650142416,319.9983503261608,319.99858495921194,319.99872783739954,319.99881484209175,319.998867823002,319.9989000853651,319.9989197313088,319.9989316945721,319.9989389795191,319.9989434156377,319.99894611698124,319.998947761946,319.99894876363635,319.99894937360835,319.9989497450467,319.99894997123187,319.9989501089657,319.99895019283764,319.9989502439109,319.9989502750119,319.99895029394975,319.9989503054829,319.998950312505
0.09807637403413133,0.0995706653784062,0.0,209.4979545062954,256.396292878094,276.40090597907476,287.654114955599,294.40587445943476,298.5095036349898,301.00907386520095,302.53178991092705,303.4592763812295,304.0241405535314,304.36813447989675,304.5776143562376,304.70517783625615,304.78285739871654,304.83016004189005,304.8589647294612,304.87650516946167,304.8871863083786,304.8936905177818,304.8976512127112,304.90006305122057,304.9015317239461,304.90242606221705,304.90297066341157,304.90330229459,304.90350423912855,304.9036272118743,304.903702095286,304.90374769502574,304.90377546267496,304.90379237159453,304.9038026681663,304.90380893819224,304.9038127562813,304.9038150812808,304.9038164970739,304.90381735921073,304.90381788420285,304.9038182038933,304.9038183985669,304.90381851711203,304.9038185892993,304.9038186332575,304.9038186600246,304.9038186763248,304.90381868625076,304.90381869229503,304.9038186959754,304.9038186982172
0.9004293346215939,0.09807637403413116,0.0,241.5092557939327,294.22496931185685,315.6831400001184,327.40475302796517,334.33853878977743,338.52520579587656,341.06763730458005,342.6142991045353,343.55576285920654,344.1289686989346,344.4779945532304,344.6905251943393,344.81994265432803,344.8987501285498,344.94673930922767,344.9759619758859,344.99375691806426,345.0045930278106,345.01119160381836,345.0152097621376,345.0176565924439,345.0191465731457,345.02005388675406,345.02060638918834,345.02094283177064,345.02114770618124,345.0212724630528,345.021348432895,345.02139469420996,345.0214228647205,345.02144001896033,345.02145046491665,345.0214568259098,345.0214606993935,345.02146305812465,345.02146449445803,345.02146536910254,345.0214659017124,345.0214662260412,345.02146642353875,345.0214665438038,345.02146661703836,345.0214666616342,345.02146668879016,345.021466705327,345.02146671539595,345.02146672152844,345.0214667252625,345.0214667275364
0.7044644827034539,0.8082063806667237,0.0,126.94924233462888,210.62841560901117,260.0598782818522,289.62430280009903,307.4972933234736,318.3501130890341,324.95121348785676,328.96890996507494,331.41491578920505,332.9042425231895,333.8111144350033,334.3633351804705,334.6996024111122,334.90436885701297,335.02905960076237,335.10498904633704,335.15122571634527,335.1793812027137,335.19652628656974,335.20696666520683,335.21332426111,335.21719567508745,335.21955314588905,335.2209887114848,335.2218628892741,335.22239521382875,335.22271936920976,335.22291676140236,335.22303696202374,335.2231101573667,335.2231547291691,335.22318187086245,335.22319839861046,335.2232084630692,335.223214591752,335.2232183237718,335.22322059635945,335.2232219802361,335.22322282293845,335.2232233360962,335.2232236485802,335.22322383886495,335.2232239547374,335.2232240252981,335.2232240682647,335.22322409442864,335.22322411036157,335.2232241200634,335.2232241259714
0.3184908639338447,0.6188197979126606,0.0,108.27385674113236,187.91073972834178,237.69127542315303,268.20365633488007,286.84004851051344,298.2061992991613,305.13289190149555,309.3524195341455,311.92231943471717,313.48736834185144,314.44042918362396,315.02079866603674,315.37421327437613,315.58942335465576,315.7204742254932,315.8002767920825,315.84887202398914,315.8784637570813,315.89648343915997,315.90745640038745,315.91413830955327,315.9182072121566,315.9206849424198,315.9221937392376,315.9231125106982,315.92367199027206,315.92401268151895,315.9242201431161,315.92434647543223,315.9244234046295,315.9244702501368,315.924498776387,315.92451614725206,315.9245267251202,315.92453316644077,315.92453708883903,315.92453947735595,315.92454093182783,315.92454181751793,315.9245423568533,315.9245426852769,315.9245428852691,315.9245430070525,315.9245430812122,315.9245431263714,315.9245431538703,315.92454317061544,315.9245431808129,315.9245431870214
0.3186641240636562,0.9659704131325619,0.0,108.20807350250836,187.85507350424555,237.65815323763312,268.1869504353834,286.83349875796245,298.20573121927043,305.1360565349355,309.35776188683707,311.9289724334014,313.4948126502439,314.44835238123153,315.0290121806982,315.3826030076734,315.597920146673,315.7290361014806,315.8088782529205,315.857497568914,315.8871039587208,315.90513256190803,315.91611095383337,315.9227961692171,315.9268670847836,315.9293460406805,315.9308555837747,315.93177480964727,315.93233456591935,315.93267542565434,315.9328829898491,315.9330093846404,315.9330863518809,315.933133220554,315.93316176091054,315.933179140365,315.93318972346486,315.9331961679715,315.93320009230877,315.9332024820075,315.93320393719785,315.9332048233261,315.93320536292794,315.93320569151496,315.9332058916052,315.9332060134496,315.9332060876451,315.93320613282646,315.9332061603394,315.93320617709287,315.93320618729484,315.9332061935074
0.03379544945320184,0.3184623007577448,0.0,264.9108169100164,284.61901688789635,291.73777382335413,295.67372781392675,298.02923995710415,299.4602169507149,300.3317676552078,300.86270235777704,301.1860947874703,301.3830496164423,301.5029922001695,301.5760328723968,301.6205112133107,301.6475962089163,301.6640894961095,301.67413299034854,301.6802489137522,301.68397316553944,301.68624102389026,301.6876220209641,301.68846296977136,301.6889750598235,301.68928689356875,301.68947678259605,301.68959241422107,301.6896628273064,301.68970570487295,301.6897318148743,301.68974771437945,301.68975739627473,301.689763291999,301.6897668821596,301.6897690683632,301.68977039963676,301.68977121030673,301.6897717039581,301.68977200456436,301.68977218761614,301.6897722990843,301.68977236696185,301.6897724082964,301.68977243346626,301.6897724487927,301.68977245812636,301.6897724638096,301.6897724672706,301.6897724693783,301.68977247066096,301.6897724714431
0.3187311976327592,0.03324102202676693,0.0,108.18511065318569,187.8297100093514,237.63815253020974,268.17353258378836,286.82555347676634,298.2017402183469,305.1347374927427,309.35818318450214,311.9305025329815,313.4970392947057,314.4510125049807,315.03194034690745,315.3856961818922,315.60111458331414,315.73229254369335,315.81217260304817,315.86081506854015,315.89043558387357,315.9084728013196,315.9194564443666,315.9261448598062,315.93021772508615,315.9326978687106,315.9342081352676,315.93512780177696,315.9356878264116,315.93602884958034,315.9362365133051,315.93636296870756,315.93643997285795,315.93648686400826,315.9365154180522,315.93653280584226,315.93654339401695,315.9365498416143,315.93655376783386,315.9365561586788,315.9365576145672,315.93655850112066,315.9365590409809,315.93655936972544,315.93655956991205,315.9365596918146,315.9365597660463,315.9365598112486,315.9365598387748,315.93655985553625,315.93655986574345,315.93655987195865
0.7026578293516943,0.902061049349606,0.0,126.3345554265894,210.0843483795437,259.67051619173986,289.3483409443757,307.29339242432866,318.1905512183344,324.8187181442906,328.8529043754078,331.3089513472257,332.8043918475996,333.71498625215804,334.2694735621888,334.6071208980524,334.81272770247597,334.9379301557264,335.01417119394836,335.0605976020376,335.0888686262936,335.10608406535584,335.1165672859629,335.12295097003704,335.12683827015945,335.1292054146904,335.1306468710239,335.1315246359329,335.1320591448364,335.13238463036055,335.1325828325349,335.1327035263877,335.1327770220813,335.13282177678013,335.1328490298462,335.13286562541487,335.1328757311722,335.1328818850033,335.13288563233726,335.13288791425066,335.13288930380577,335.1328901499658,335.1328906652292,335.13289097899514,335.13289117006116,335.1328912864089,335.1328913572587,335.13289140040195,335.13289142667384,335.13289144267213,335.13289145241316,335.1328914583457
0.4705078645385656,0.2327020311216746,0.0,89.92441231567703,173.93595843539399,231.16083409786492,267.07013377634763,289.1122228206367,302.56353718481097,310.7596114762136,315.75149129592063,318.7914607282594,320.6426775887111,321.7699768446596,322.45644218054963,322.87446196279353,323.1290127613682,323.28401992391844,323.3784105523069,323.4358891110008,323.4708902989515,323.4922040382142,323.5051828961105,323.51308628372067,323.51789899788554,323.5208296673812,323.5226142785656,323.5237010053468,323.52436276018676,323.52476573126586,323.52501111774444,323.52516054415963,323.52525153635077,323.5253069454217,323.52534068639613,323.5253612327308,323.52537374428067,323.525381363103,323.52538600253274,323.52538882768135,323.5253905480364,323.52539159563514,323.525392233563,323.5253926220248,323.5253928585758,323.5253930026215,323.525393090338,323.52539314375207,323.5253931762783,323.52539319608496,323.52539320814566,323.52539321548994
0.7674147091050059,0.469923439941923,0.0,153.2124332367839,232.68570269364608,275.44395267004927,300.3277872205895,315.2613219792949,324.31108304827313,329.8122776709334,333.1599106619616,335.1978499696957,336.4386859388651,337.19424293077134,337.6543227567835,337.93448205564357,338.10508226747413,338.20896785679383,338.2722282087563,338.31075014884436,338.33420781559255,338.34849219980595,338.357190577386,338.3624873947326,338.36571285533984,338.3676769774659,338.3688730161714,338.3696013357418,338.3700448409511,338.3703149104078,338.3704793673516,338.37057951228064,338.370640494847,338.3706776297642,338.37070024281695,338.37071401287943,338.370722398066,338.3707275041666,338.3707306134923,338.37073250689457,338.3707336598694,338.3707343619649,338.3707347895008,338.3707350498465,338.3707352083825,338.37073530492074,338.3707353637082,338.37073539950603,338.37073542130474,338.3707354345796,338.3707354426629,338.37073544758454
0.9237662606297385,0.1848950657190979,0.0,263.31881226054634,306.8771853659331,323.5745883349587,332.6190625731443,337.9611647371323,341.1856371893929,343.1435722574774,344.3346264966821,345.05962179573964,345.50102990609446,345.7698033954311,345.9334661805478,346.03312620973634,346.0938131721943,346.13076800449295,346.15327138093465,346.16697465621985,346.1753191725471,346.18040050930733,346.18349475493306,346.1853789748173,346.1865263577051,346.1872250486972,346.1876505118087,346.18790959466276,346.1880673613954,346.18816343236745,346.18822193412734,346.18825755837355,346.1882792515139,346.18829246140376,346.1883005054751,346.1883054038574,346.1883083866931,346.18831020307056,346.1883113091421,346.18831198267674,346.18831239281974,346.18831264257483,346.1883127946606,346.1883128872727,346.188312943669,346.18831297800966,346.18831299892156,346.18831301165545,346.18831301940975,346.18831302413184,346.18831302700784,346.18831302875844
0.1596923457110572,0.7696849473523307,0.0,169.50863030370758,232.17370826325427,262.9147488967459,280.65325996222316,291.3452757939329,297.84921503259415,301.81129896884875,304.22493028460946,305.69503418246296,306.5903491721815,307.13557568349034,307.46759616592476,307.669780061494,307.7928991498177,307.86787181501194,307.91352593341844,307.9413266985743,307.958255782445,307.96856463060107,307.97484213217984,307.97866477330365,307.9809925442032,307.98241002423845,307.9832731889441,307.9837988071547,307.9841188787506,307.9843137841515,307.984432470457,307.98450474366723,307.98454875394333,307.9845755536989,307.9845918732267,307.98460181089104,307.98460786236313,307.9846115473658,307.98461379132283,307.9846151577651,307.9846159898511,307.984616496544,307.98461680509115,307.98461699297826,307.9846171073912,307.98461717706283,307.9846172194884,307.9846172453229,307.98461726105444,307.9846172706347,307.9846172764687,307.9846172800209
0.8403076542889429,0.7696849473523306,0.0,194.9338575063198,263.9917946751366,296.34565228627815,314.5181218284323,325.33009469518515,331.8674019289887,335.8387271721508,338.25487809367337,339.7256431224674,340.6211152768702,341.1663685015741,341.49838585686706,341.70056239635977,341.82367547272037,341.8986440461785,341.9442955518562,341.9720946919712,341.9890227767154,341.9993310137725,342.0056081424705,342.00943055631825,342.01175818876027,342.0131755844661,342.0140386978157,342.0145642847509,342.0148843373019,342.0150792311053,342.01519791034855,342.015270179259,342.0153141869168,342.01534098507665,342.0153573036334,342.0153672407073,342.01537329181843,342.01537697660206,342.0153792204257,342.0153805867871,342.0153814188229,342.0153819254856,342.0153822340145,342.01538242189133,342.015382536297,342.0153826059641,342.0153826483863,342.01538267422006,342.015382689951,342.01538269953033,342.0153827053633,342.01538270891604
0.6958126868784447,0.6442638550965636,0.0,123.91835454825528,207.9678523158844,258.162116690265,288.2819892981679,306.5077563305932,317.5778074348268,324.31162828307293,328.4102367813167,330.9055370754934,332.42488853749745,333.3500463056167,333.913403047594,334.25645184676927,334.4653480392879,334.5925536301406,334.67001450292304,334.71718373723587,334.7459071075358,334.7633980027206,334.77404896180076,334.7805347896604,334.7844842897994,334.78688931071764,334.78835383166773,334.78924564163844,334.78978870319474,334.7901193968029,334.790320770406,334.79044339547977,334.7905180671775,334.7905635379957,334.7905912271386,334.79060808825227,334.79061835571224,334.790624608011,334.7906284153055,334.7906307337314,334.79063214552076,334.7906330052209,334.79063352872856,334.7906338475156,334.79063404163867,334.7906341598485,334.79063423183135,334.7906342756648,334.79063430235755,334.7906343186114,334.79063432850904,334.79063433453604
0.3005793779071001,0.3558001803026172,0.0,112.72693314533389,191.41317399403948,239.6625471943838,269.08056832765016,287.02696818394713,297.96997657889773,304.63874883303066,308.7012457779928,311.17555009060675,312.6823992095476,313.6000247905069,314.1588182649135,314.49909514626944,314.70630544409187,314.8324850482173,314.9093213526329,314.9561103263466,314.98460216251425,315.00195207495375,315.0125171867553,315.018950739771,315.02286840802077,315.0252540453448,315.02670676288085,315.0275913852814,315.028130070035,315.02845809842535,315.02865784906555,315.02877948584967,315.0288535557353,315.028898660084,315.02892612606814,315.0289428512907,315.02895303600025,315.0289592379099,315.02896301452,315.02896531426063,315.0289667146716,315.0289675674423,315.0289680867317,315.0289684029494,315.0289685955078,315.0289687127646,315.02896878416834,315.02896882764776,315.0289688541255,315.02896887024815,315.02896888006626,315.0289688860443
0.610195004216554,0.4005052727531153,0.0,101.85482287638219,187.24667879216236,242.79518642741374,277.0618259027168,297.96762232758874,310.6968233204507,318.4460512786066,323.16403432030097,326.03674117377915,327.7859741321094,328.8511341692744,329.4997496239174,329.8947178369352,330.135230583786,330.28168906932655,330.370873940212,330.42518245431944,330.45825325294425,330.4783914901541,330.4906545322775,330.4981220280245,330.5026693085131,330.5054383438585,330.50712452897693,330.50815131985723,330.5087765771293,330.5091573232601,330.50938917600763,330.5095303611483,330.50961633487236,330.5096686879818,330.5097005680491,330.5097199811971,330.50973180270086,330.50973900132453,330.5097433848768,330.50974605421123,330.50974767968387,330.5097486695044,330.50974927224865,330.5097496392852,330.50974986279016,330.50974999889195,330.50975008177,330.5097501322381,330.50975016296957,330.50975018168447,330.50975019308044,330.50975020001994
0.1489024698648704,0.1079457300259111,0.0,175.99005786705436,236.25205170806908,265.1957874744944,281.8315284082467,291.8519984691764,297.946862429837,301.6597831364475,303.92167921548076,305.29938886741013,306.1384454048027,306.64941647290567,306.96057879135725,307.1500619587819,307.2654473561842,307.3357107938329,307.3784973279854,307.404551927435,307.4204177089731,307.43007907232794,307.4359622950557,307.43954484390935,307.4417264127645,307.4430548642847,307.4438638157837,307.4443564212748,307.44465639002027,307.44483905393577,307.4449502858759,307.44501801980357,307.44505926591563,307.4450843824528,307.4450996769958,307.44510899050283,307.4451146618989,307.44511811545703,307.4451202184776,307.44512149909707,307.44512227892193,307.44512275379043,307.44512304295887,307.445123219046,307.4451233262729,307.44512339156796,307.44512343132874,307.44512345554125,307.4451234702853,307.44512347926275,307.4451234847303,307.4451234880589
0.590584785797027,0.6191070128783327,0.0,98.31121326655345,183.70116354701287,240.0410811436257,274.9616718143167,296.29795618592203,309.29524399162494,317.2088556943544,322.02716466952387,324.96100923073135,326.7474795120348,327.8353156506019,328.49773915699944,328.9011153240881,329.1467478264402,329.29632384574205,329.38740706698457,329.4428715453291,329.47664624998373,329.49721312127133,329.509737175107,329.51736361123204,329.52200767697224,329.52483564885574,329.52655772289717,329.52760636805726,329.5282449333282,329.5286337832675,329.5288705707698,329.52901476089494,329.5291025644827,329.52915603187546,329.5291885904772,329.5292084168143,329.5292204899273,329.5292278417656,329.52923231861735,329.52923504476644,329.52923670483494,329.5292377157232,329.5292383312957,329.5292387061452,329.52923893440726,329.52923907340573,329.5292391580476,329.52923920958983,329.5292392409758,329.52923926008896,329.52923927172674,329.5292392788139
0.6466186816746929,0.3001551277246782,0.0,109.70987197333912,194.88333130583075,248.59158706341634,281.38281921009906,301.32555928566416,313.4566279026529,320.8393973130638,325.3337670126702,328.07020312469035,329.7364307108964,330.75103939440896,331.36887060552743,331.7450926896317,331.97419007408786,332.1136972606129,332.19864919544705,332.25038009828035,332.2818812813782,332.3010637135119,332.3127447254023,332.3198577981525,332.3241892553333,332.3268268666195,332.3284330219864,332.3294110793117,332.3300066606246,332.3303693357865,332.3305901843416,332.33072466855594,332.3308065617966,332.3308564301236,332.3308867970997,332.3309052888617,332.330916549293,332.3309234062563,332.33092758175644,332.3309301243988,332.3309316727236,332.33093261556456,332.3309331897021,332.33093353931883,332.3309337522153,332.33093388185756,332.330933960802,332.3309340088749,332.3309340381484,332.3309340559745,332.3309340668289,332.3309340734395
0.2998152206588063,0.4378664298163928,0.0,112.74418497608569,191.44179444775236,239.67298714746082,269.073333662183,287.0078367352055,297.94343010533834,304.6076576740158,308.6673787926602,311.13998907536,312.6458047911766,313.5628001953674,314.1212095071342,314.46125226190196,314.66831990257475,314.79441259756743,314.8711959619409,314.91795269052943,314.94642488788105,314.963762839917,314.974320667862,314.98074978513824,314.9846647521498,314.98704874451926,314.98850046034636,314.9893844727543,314.9899227860503,314.9902505882436,314.9904502011419,314.99057175404766,314.9906457728559,314.9906908461018,314.9907182931458,314.9907350068355,314.99074518452244,314.9907513821544,314.99075515616016,314.99075745431514,314.99075885376044,314.9907597059437,314.99076022487435,314.99076054087374,314.9907607333,314.990760850476,314.99076092183,314.99076096528,314.9907609917386,314.9907610078505,314.9907610176618,314.9907610236358
0.6469051232374802,0.4939089660492035,0.0,109.66836719478384,194.85779441775762,248.58214328435105,281.3832808431553,301.3317555826735,313.46614433410326,320.8508554346403,325.346372202639,328.0834914774948,329.7501284240335,330.7649834987874,331.38296349215483,331.75927562842884,331.98842761029215,332.1279679389289,332.21294000965776,332.26468315407294,332.29619178282564,332.3153787450994,332.3270625139033,332.3341772647212,332.3385097434267,332.3411479766217,332.34275451063473,332.34373279850564,332.34432852019614,332.34469128083424,332.34491218143745,332.3450466973455,332.345128609885,332.3451784899645,332.345208864097,332.3452273602165,332.3452386233014,332.34524548188006,332.3452496583638,332.34525220160594,332.34525375029534,332.3452546933591,332.34525526763105,332.3452556173306,332.3452558302774,332.3452559599499,332.34525603891353,332.3452560869978,332.34525611627794,332.3452561341083,332.3452561449655,332.34525615157696
0.05828158571419217,0.05828158571419217,0.0,242.0582390722318,273.63363298903056,285.80438692495767,292.5680584464355,296.6185579811805,299.0795534755085,300.5784893048277,301.49162403373805,302.04781642708474,302.3865535395156,302.5928397885413,302.71846077812296,302.79495814090103,302.841541090019,302.86990758474474,302.88718120878724,302.8976998779189,302.90410515446143,302.9080056056072,302.9103807593365,302.91182709321686,302.9127078284423,302.9132441461706,302.9135707331972,302.91376960613724,302.91389070845474,302.91396445288194,302.9140093590464,302.9140367043473,302.91405335608107,302.9140634960406,302.9140696706983,302.9140734307148,302.9140757203502,302.91407711460954,302.9140779636331,302.91407848064097,302.91407879546796,302.91407898718035,302.914079103923,302.9140791750119,302.91407921830137,302.91407924466216,302.91407926071344,302.9140792704884,302.91407927644116,302.914079280066,302.91407928227295,302.91407928361735
0.05828158571419206,0.9417184142858079,0.0,242.0925220378992,273.6380608692261,285.8066060298567,292.5698470478248,296.61988188502386,299.0804619185589,300.5790862254451,301.49200635842726,302.048057412009,302.3867038466956,302.5929328729587,302.71851814193354,302.7949933702031,302.84156267316973,302.86992078482274,302.8871892719254,302.89770479888193,302.90410815585386,302.9080074353896,302.91038187449357,302.9118277726881,302.9127082423782,302.9132443983122,302.91357088677114,302.91376969966956,302.91389076541714,302.91396448757115,302.914009380172,302.91403671721145,302.91405336391495,302.91406350080985,302.91406967360416,302.9140734324834,302.91407572142793,302.91407711526585,302.9140779640323,302.9140784808833,302.9140787956155,302.91407898727033,302.914079103977,302.9140791750453,302.91407921832126,302.91407924467376,302.9140792607209,302.9140792704931,302.9140792764435,302.9140792800672,302.91407928227363,302.9140792836174
0.941718414285808,0.941718414285808,0.0,281.4142113669024,316.8012190772133,329.71501573177295,336.66808847115976,340.7704206236258,343.2458676314806,344.7488397171931,345.66309052284805,346.2195822016507,346.5583930747144,346.76469303699434,346.8903132944419,346.9668075214869,347.0133877450468,347.04175232439474,347.05902469870523,347.06954257834155,347.0759473639107,347.07984751224245,347.0822224800734,347.0836687001435,347.08454936581086,347.08508564107734,347.0854122022009,347.0856110593478,347.0857321520397,347.08580589060216,347.0858507931929,347.0858781363175,347.0858947867258,347.0859049258768,347.08591110004414,347.0859148597609,347.0859171492142,347.08591854336134,347.0859193923177,347.0859199092845,347.08592022408664,347.08592041578396,347.0859205325165,347.08592060360064,347.08592064688605,347.08592067324463,347.085920689296,347.08592069906945,347.0859207050214,347.08592070864603,347.0859207108531,347.08592071219755
0.9417184142858078,0.05828158571419217,0.0,281.4632666755198,316.81695816101643,329.72101844390824,336.67082934867926,340.7718071085291,343.24660648863994,344.74924616568774,345.6633193682454,346.2197134342936,346.5584694373151,346.76473798308757,346.89033998332883,346.9668234753543,347.0133973294529,347.04175810355105,347.05902819282466,347.0695446950849,347.07594864807754,347.07984829212006,347.0822229540498,347.08366898836357,347.08454954114274,347.08508574776613,347.0854122671334,347.0856110988715,347.0857321761004,347.0858059052501,347.0858508021101,347.08587814174643,347.0858947900311,347.085904927888,347.08591110126804,347.08591486050403,347.0859171496672,347.08591854363675,347.0859193924843,347.08591990938356,347.0859202241475,347.08592041581903,347.08592053253784,347.08592060361235,347.0859206468917,347.08592067324787,347.0859206892965,347.08592069906973,347.08592070502044,347.08592070864415,347.0859207108514,347.0859207121955
0.0556113146515661,0.5604814826034984,0.0,244.3518157711309,274.7990865751344,286.44112279470977,292.90173287375825,296.76959169649604,299.11942563391403,300.55060954841724,301.4224555482304,301.9534929574358,302.27690743732285,302.4738613092713,302.5937987271498,302.66683484410555,302.71130997888315,302.7383928874009,302.7548848603833,302.7649275398547,302.7710429620319,302.7747669067319,302.7770345773666,302.7784154598466,302.7792563387545,302.779768386194,302.78008019396765,302.78027006717224,302.7803856891573,302.78045609637127,302.78049897036215,302.7805250781848,302.78054097636414,302.78055065745116,302.78055655268383,302.78056014254463,302.7805623285648,302.7805636597278,302.78056447033043,302.7805649639408,302.7805652645216,302.7805654475583,302.78056555901765,302.7805656268901,302.7805656682197,302.78056569338753,302.78056570871314,302.7805657180455,302.78056572372833,302.7805657271893,302.780565729296,302.78056573057967
0.5627142039064776,0.9451759852049746,0.0,94.62802928714278,179.83895755550625,236.90330023550828,272.4579542313189,294.21880573761325,307.4822093097429,315.5594340517042,320.47771505880075,323.47251353632845,325.29611809404554,326.40657010398905,327.0827657119154,327.4945281547289,327.74526727582514,327.89795284923315,327.99092956808414,328.04754705778134,328.0820238710893,328.10301828224084,328.1158026815843,328.12358765245176,328.1283282564512,328.1312150144777,328.1329728858635,328.1340433295381,328.1346951688508,328.13509210191967,328.13533381158675,328.1354809990287,328.135570627812,328.1356252066437,328.13565844204896,328.13567868052183,328.1356910046,328.1356985092634,328.1357030791766,328.13570586199427,328.1357075565716,328.13570858847316,328.13570921684186,328.1357095994837,328.13570983248974,328.13570997437745,328.1357100607789,328.13571011339315,328.1357101454322,328.1357101649417,328.1357101768221,328.1357101840566
0.9451759852049746,0.5627142039064773,0.0,285.02821558424233,318.7257550923442,330.9055292988322,337.4525426153945,341.3141548715756,343.64423102929334,345.058938223165,345.91950324376285,346.4433204472878,346.7622396073587,346.9564283533391,347.074674169572,347.1466780051145,347.1905239228535,347.21722350066733,347.23348199831105,347.243382490868,347.2494113254414,347.2530825421275,347.2553181040945,347.25667943413356,347.25750840669355,347.25801320383624,347.2583205965911,347.25850778129825,347.25862176614123,347.25869117642895,347.2587334433483,347.25875918149876,347.2587748545687,347.2587843985778,347.2587902103364,347.2587937493666,347.25879590443543,347.2587972167498,347.2587980158749,347.2587985024956,347.2587987988207,347.2587989792653,347.2587990891459,347.25879915605736,347.2587991968016,347.2587992216135,347.25879923672215,347.25879924592255,347.2587992515246,347.25879925493734,347.2587992570143,347.2587992582795
0.5627142039064778,0.0548240147950253,0.0,94.62087940861504,179.8266153769784,236.89094946845927,272.4480180182312,294.2116340370679,307.477337638576,315.5562435593831,320.47567348216353,323.4712269203746,325.2953155634653,326.40607305191133,327.082459372277,327.49434000592714,327.745152000453,327.8978823448722,327.99088649990045,328.0475207725464,328.0820078389569,328.10300850822927,328.1157967247919,328.1235840229247,328.1283260453218,328.1312136676072,328.13297206551306,328.1340428299107,328.1346948645709,328.13509191661586,328.13533369874017,328.1354809303085,328.13557058596365,328.13562518116044,328.13565842653156,328.13567867107247,328.13569099884586,328.13569850575925,328.1357030770432,328.135705860695,328.13570755578047,328.1357085879918,328.1357092165491,328.1357095993051,328.1357098323818,328.1357099743124,328.1357100607393,328.13571011336853,328.13571014541765,328.13571016493256,328.1357101768169,328.1357101840539
0.8514524973661985,0.3015775300497619,0.0,203.01720468859492,269.4517702090737,299.8670411026232,316.87130907539995,326.9785667058753,333.0884822797807,336.80001045083503,339.05809295323417,340.43264553825713,341.2695442439044,341.7791348397184,342.0894377026704,342.27839215679643,342.3934540658178,342.463520074884,342.50618625663566,342.5321675295939,342.54798864757845,342.55762280958874,342.56348946698904,342.5670619280633,342.56923735387403,342.5705620645694,342.5713687380923,342.57185995641703,342.5721590804523,342.5723412299857,342.57245214869624,342.57251969188474,342.5725608218466,342.5725858676549,342.5726011191278,342.57261040640776,342.5726160618335,342.572619505666,342.57262160276434,342.57262287977755,342.57262365740627,342.57262413093775,342.5726244192918,342.5726245948826,342.5726247018079,342.57262476692017,342.57262480656846,342.57262483071224,342.5726248454143,342.57262485436775,342.5726248598195,342.5726248631395
0.3015775300497618,0.1485475026338018,0.0,112.43235585735468,191.18397045332352,239.5306113662549,269.01764809246527,287.0077239761082,297.97764825163085,304.6628914094274,308.7354451064569,311.21588409800984,312.72647345902874,313.6463786375988,314.20656113993084,314.5476842492883,314.7554100230586,314.8819035979852,314.9589311258147,315.0058365582156,315.03439931746163,315.05179242081056,315.06238383464233,315.06883340463446,315.0727608265463,315.07515240339984,315.0766087378153,315.07749556271074,315.0780355886665,315.0783644337767,315.07856468175544,315.07868662138935,315.07876087569423,315.07880609234417,315.0788336267135,315.0788503935793,315.07886060364655,315.0788668209971,315.0788706070103,315.0788729124773,315.0788743163752,315.0788751712691,315.0788756918516,315.078876008856,315.07887620189416,315.0788763194431,315.078876391024,315.0788764346128,315.0788764611555,315.0788764773184,315.07887648716104,315.0788764931545
0.8472185887967567,0.699476007701509,0.0,200.11323288224648,267.43445649772127,298.55587604170603,315.99258056282815,326.36154914486855,332.6302546073149,336.4382917799237,338.75507978932853,340.1653577220695,341.02400229073066,341.54683133793725,341.8651942045899,342.05905612845953,342.1771061456254,342.2489916299436,342.2927657198666,342.31942162468704,342.335653545867,342.34553785962527,342.3515568434512,342.35522206188466,342.3574539713152,342.3588130771747,342.3596406953335,342.36014466772076,342.36045155824394,342.36063843712094,342.36075223572965,342.36082153261174,342.3608637304728,342.3608894265706,342.36090507403344,342.3609146024486,342.36092040471124,342.3609239379583,342.3609260895065,342.360927399677,342.36092819749564,342.36092868332196,342.3609289791631,342.3609291593141,342.36092926901455,342.36092933581597,342.3609293764944,342.36092940126565,342.3609294163495,342.36092942553466,342.36092943112845,342.36092943453383
0.1470984584935172,0.6976865370713364,0.0,177.21149937534034,236.99778604838244,265.6141689564012,282.0518278757019,291.95141548452915,297.97237215809037,301.64014471662574,303.87448855060177,305.23539616292203,306.0642112220294,306.5689416358901,306.87630197979837,307.06346920174053,307.17744399212353,307.2468483079604,307.2891116237818,307.3148475859598,307.3305193236901,307.34006252022596,307.34587378381724,307.34941251265514,307.35156739717956,307.3528795992694,307.3536786557045,307.35416523562844,307.35446153513044,307.3546419646774,307.3547518360126,307.35481874140777,307.3548594829892,307.3548842922954,307.3548993997521,307.35490859933486,307.35491420135793,307.3549176126705,307.35491968996644,307.35492095492145,307.35492172520736,307.35492219426766,307.35492247989805,307.35492265383175,307.35492275974696,307.35492282424303,307.35492286351763,307.3549228874336,307.3549229019972,307.3549229108656,307.3549229162661,307.35492291955467
0.2580821623905802,0.2516168560858105,0.0,125.60439551928022,201.3311775164006,245.3272171648973,271.7648749612423,287.8395846300039,297.6349643667565,303.6038941774021,307.2401279297418,309.45486262808623,310.80365340038065,311.6250326797914,312.12521848287014,312.42980693708284,312.61528512768854,312.72823115837315,312.7970089864591,312.8388908133767,312.86439447910976,312.87992476690516,312.88938183129363,312.89514064666565,312.8986474381557,312.90078287493753,312.9020832345876,312.9028750797076,312.90335726837566,312.9036508938641,312.9038296950935,312.90393857487766,312.90400487647565,312.9040452503792,312.90406983579123,312.90408480690866,312.904093923469,312.904099474936,312.9041028554631,312.90410491401224,312.9041061675512,312.9041069308852,312.90410739571246,312.9041076787659,312.9041078511294,312.9041079560884,312.9041080200026,312.90410805892327,312.9041080826231,312.90410809705537,312.90410810584376,312.9041081111957
0.748061599291004,0.2566570584008432,0.0,144.09746318306495,225.2887397007857,270.36472499868034,296.83004825904544,312.7492809455288,322.4024199813417,328.2714990366795,331.84322958820627,334.017648485902,335.3415981311764,336.1477687917177,336.63867041829315,336.93759886927097,337.119628619167,337.23047423258106,337.2979728812462,337.33907571970434,337.36410501414883,337.3793464334914,337.3886275924655,337.39427929116613,337.3977208546111,337.3998165711982,337.40109274350004,337.4018698598972,337.402343079611,337.40263124351486,337.40280671895016,337.4029135735141,337.40297864186897,337.4030182647968,337.40304239290765,337.403057085556,337.4030660325424,337.40307148074913,337.403074798397,337.4030768186559,337.40307804887857,337.4030787980139,337.4030792541949,337.40307953198334,337.403079701141,337.4030798041482,337.4030798668739,337.4030799050695,337.4030799283294,337.40307994249343,337.403079951118,337.40307995636977
0.7477343532384588,0.7390648499560877,0.0,143.9427043698743,225.1679214823896,270.28416483503827,296.7753787669125,312.7100824078616,322.37239177083876,328.2469250872166,331.8219161510735,333.99829305214615,335.32342279847177,336.13030668248433,336.62164025022935,336.9208306876395,337.1030195156874,337.2139617984418,337.28151922549415,337.32265781820024,337.3477088681028,337.3629635279015,337.3722527463266,337.37790935135854,337.3813539018594,337.3834514371222,337.3847287167752,337.3855065074342,337.3859801377115,337.3862685516153,337.3864441792818,337.38655112654465,337.3866162513466,337.38665590864787,337.3866800576888,337.3866947630822,337.38670371783104,337.38670917076325,337.3867124912889,337.3867145133005,337.38671574459073,337.3867164943768,337.3867169509532,337.3867172289826,337.3867173982864,337.386717501383,337.3867175641629,337.38671760239237,337.38671762567225,337.38671763984826,337.38671764847965,337.38671765373664
0.2850835620427175,0.9430119226648437,0.0,117.04388517011903,194.77830101749203,241.57902235651596,269.9704242491451,287.2698090809399,297.8155493559893,304.2418832879833,308.1566434028374,310.5409532603234,311.9929885490387,312.87723015232126,313.4156921989387,313.7435872745813,313.9432572540156,314.06484500938996,314.1388850400794,314.18397119846827,314.2114260977351,314.22814456613105,314.23832516071457,314.24452456298417,314.24829964603293,314.25059845676424,314.2519983017043,314.25285072764166,314.25336980655317,314.25368589608905,314.2538783766411,314.2539955863519,314.2540669604004,314.2541104231378,314.2541368894732,314.254153005967,314.25416281999554,314.2541687961803,314.2541724353376,314.254174651377,314.25417600081977,314.2541768225531,314.2541773229421,314.25417762765017,314.2541778132008,314.2541779261901,314.2541779949944,314.254178036892,314.25417806240563,314.25417807794156,314.2541780874022,314.25417809316355
0.0552316046395317,0.2850516277702512,0.0,244.45711208471073,274.97909122937995,286.53924303443625,292.95291123308823,296.7931395148311,299.12629897242607,300.5473568685065,301.4130445666807,301.9403351004198,302.2614694019167,302.45703545068517,302.5761280730513,302.64864989771695,302.69281192043695,302.7197041893676,302.73608008599433,302.7460520869879,302.7521244723782,302.7558222111693,302.7580739243548,302.7594450898571,302.7602800517664,302.76078849612907,302.7610981098519,302.7612866470097,302.7614014554225,302.76147136721977,302.76151393952927,302.761539863645,302.761555649958,302.7615652629251,302.76157111667516,302.76157468127644,302.7615768519155,302.7615781737119,302.76157897861043,302.76157946874844,302.761579767214,302.7615799489623,302.761580059637,302.76158012703144,302.7615801680704,302.76158019306195,302.7615802082799,302.7615802175468,302.7615802231892,302.7615802266257,302.7615802287188,302.76158022999255
0.2862607042778481,0.05373671991907741,0.0,116.70014389269714,194.50351612535403,241.41676031301114,269.89041500822117,287.24284167081566,297.8216831439348,304.2684472131235,308.1957557288993,310.58775214012024,312.0444876792785,312.93160001161397,313.47181390998924,313.80077740334025,314.00109870712635,314.12308339702736,314.1973652763397,314.2425987672921,314.2701434102234,314.2869165390249,314.2971304237764,314.30335010009554,314.3071375298645,314.3094438594747,314.31084828317194,314.3117034973934,314.31222427424774,314.31254139775086,314.3127345079359,314.31285210106137,314.31292370858813,314.31296731350193,314.3129938664148,314.31301003562913,314.3130198817611,314.3130258774965,314.3130295285578,314.31303175184627,314.3130331057031,314.31303393012473,314.31303443215046,314.3130347378556,314.31303492401327,314.313035037372,314.31303510640146,314.31303514843614,314.3130351740333,314.31303518962017,314.31303519911205,314.3130352048913
0.9462632800809228,0.2862607042778482,0.0,285.7683498847733,319.3265793785731,331.280183969088,337.6989469851885,341.4848612512475,343.7693025370651,345.1563209051375,346.0000510409734,346.51362471377246,346.8263088916564,347.01670191622264,347.1326367601947,347.2032335112939,347.2462226642595,347.272400550668,347.2883413806443,347.2980484371604,347.30395948257876,347.3075589734109,347.30975085886575,347.3110855925923,347.31189836959624,347.3123933046049,347.3126946918972,347.31287821962707,347.31298997758194,347.3130580318232,347.3130994729874,347.31312470829965,347.31314007517057,347.31314943272145,347.31315513093807,347.31315860082776,347.31316071379325,347.3131620004692,347.31316278398145,347.31316326109607,347.3131635516315,347.3131637285515,347.3131638362859,347.31316390188925,347.31316394183835,347.3131639661645,347.31316398097795,347.31316398999877,347.31316399549223,347.31316399883764,347.3131640008741,347.313164002115
0.6203287904093517,0.2048175098932831,0.0,103.66318386641738,189.05601615168186,244.20276864350419,278.1373076145736,298.8244191516256,311.41741829292846,319.08313119377374,323.75014643283214,326.5917960025064,328.322113956518,329.37575606096624,330.0173582315186,330.4080560660584,330.6459685599682,330.7908437191566,330.87906447143615,330.93278590898757,330.965499218925,330.9854197692057,330.9975502538506,331.0049370302829,331.0094351575867,331.01217426156296,331.013842220235,331.01485791227014,331.01547641098665,331.0158530415472,331.01608238814737,331.01622204718797,331.01630709160435,331.0163588788185,331.0163904142874,331.0164096175952,331.0164213113181,331.01642843213006,331.0164327683,331.01643540878075,331.01643701668314,331.01643799580444,331.0164385920335,331.01643895510375,331.01643917619236,331.0164393108226,331.01643939280495,331.0164394427275,331.016439473128,331.0164394916396,331.0164395029129,331.01643950977643
0.5415101187701299,0.408843095663579,0.0,92.49431480484351,177.50365203448894,234.91805069904652,270.80188359932566,292.78828328988794,306.19461035487,314.36022599144275,319.33270013641055,322.3606090124497,324.2044114940001,325.3271752296499,326.01087251314425,326.4272047977337,326.68072739214483,326.8351082304925,326.92911739026886,326.9863636293278,327.0212233374184,327.0424509193199,327.05537731056455,327.0632487482452,327.068042006413,327.0709608281801,327.0727382247134,327.0738205581588,327.0744796376954,327.0748809796628,327.0751253741024,327.0752741964208,327.0753648207516,327.07542000581657,327.07545361038376,327.0754740736534,327.0754865346226,327.0754941226438,327.0754987433175,327.0755015570446,327.07550327044436,327.07550431380787,327.0755049491562,327.0755053360479,327.0755055716424,327.0755057151068,327.0755058024681,327.0755058556656,327.07550588806066,327.0755059077871,327.07550591979947,327.075505927114
0.2010303157898158,0.2067923487021359,0.0,148.73620795673685,218.07860812963636,254.90940324393455,276.5544556626632,289.65136666396023,297.62449657789443,302.48232062941577,305.4416941436344,307.24420809102617,308.3419685248231,309.01048182009805,309.4175801857604,309.6654834692605,309.81644354852415,309.9083699909084,309.9643480776387,309.9984355872422,310.0191929559181,310.03183301828494,310.0395300995601,310.0442171852201,310.0470713542237,310.0488093810069,310.04986774055743,310.0505122213741,310.05090467355916,310.05114365463123,310.05128918051815,310.05137779751,310.0514317602198,310.05146462044235,310.05148463044935,310.05149681540604,310.0515042353518,310.05150875367696,310.05151150508027,310.0515131805285,310.051514200781,310.0515148220569,310.05151520037805,310.0515154307545,310.05151557104085,310.051515656467,310.05151570848705,310.0515157401641,310.05151575945337,310.05151577119943,310.0515157783526,310.051515782708
0.7942474372022783,0.7983963302224347,0.0,167.01550783160192,243.4912670628584,282.76729093825656,305.33829662108,318.8404222156101,327.01564887071254,331.98393158882067,335.0069996780928,336.84728649883414,337.96775914107525,338.6500196363639,339.06546503086537,339.31844400307705,339.4724927108299,339.5662992702935,339.62342201903067,339.6582064867614,339.6793882360733,339.69228671188165,339.7001411482447,339.70492405258506,339.7078365690439,339.7096101258254,339.7106901210039,339.7113477766351,339.71174825151115,339.71199211793447,339.7121406187195,339.7122310472535,339.7122861130882,339.7123196450509,339.7123400641089,339.71235249815487,339.712360069781,339.7123646804713,339.71236748811964,339.71236919781785,339.71237023892627,339.71237087290314,339.7123712589589,339.7123714940445,339.7123716371982,339.71237172437105,339.7123717774536,339.7123718097785,339.71237182946226,339.7123718414486,339.71237184874695,339.7123718531924
0.7923379651443148,0.2006622441132411,0.0,165.9551546514908,242.6819521462853,282.2223674410911,304.9666932932342,318.5761456496629,326.8171364414334,331.825606619763,334.8732057352642,336.72845683100724,337.85805362578304,338.54587545268623,338.9647097057606,339.21975332618524,339.3750597390496,339.46963236794244,339.5272216965529,339.5622903231228,339.5836451257707,339.5966489885677,339.6045676028337,339.60938958927875,339.6123259051358,339.61411395466735,339.61520277522584,339.6158658050632,339.61626955254735,339.61651541181527,339.6166651261316,339.6167562936398,339.61681180946795,339.61684561545246,339.6168662013738,339.61687873702965,339.6168863705323,339.61689101890045,339.6168938494925,339.6168955731622,339.6168966227786,339.61689726193595,339.6168976511457,339.61689788815283,339.6168980324768,339.6168981203619,339.61689817387906,339.6168982064674,339.61689822631246,339.6168982383962,339.6168982457546,339.6168982502367
0.2068151659336706,0.7989107996222784,0.0,145.99815511298485,216.1876579322082,253.83675776740984,276.01076777503044,289.43316324550193,297.60482652869507,302.5835284938794,305.616474381594,307.46376877480833,308.5887875709973,309.2738948157962,309.69109575459044,309.9451499466826,310.0998551426781,310.1940619552027,310.25142857268054,310.2863615811883,310.30763379421603,310.32058736031973,310.3284753443914,310.3332786776152,310.33620363416924,310.33798476628004,310.33906937440776,310.3397298390646,310.34013202447693,310.3403769325212,310.34052606759343,310.3406168823723,310.34067218340806,310.3407058585948,310.3407263648686,310.34073885202343,310.3407464559909,310.34075108637444,310.3407539060147,310.3407556230156,310.340756668571,310.34075730525547,310.34075769296015,310.3407579290496,310.3407580728147,310.3407581603598,310.34075821367,310.3407582461323,310.34075826590026,310.3407582779381,310.3407582852684,310.34075828973187
0.1242165480992097,0.1488061392582753,0.0,191.5025426323649,245.81765759126327,270.53797037387,284.60252099581567,293.0581346686113,298.19930445327526,301.3310518174501,303.2388914788753,304.4009515009896,305.10867465554634,305.5396666584156,305.8021249172557,305.96194966535705,306.05927464008545,306.1185402639028,306.15462973982636,306.1766062062002,306.1899886345243,306.19813777616633,306.2031001415245,306.2061219404617,306.20796204444287,306.20908256324606,306.2097648955305,306.2101803971144,306.210433413963,306.2105874868416,306.2106813084664,306.21073844050187,306.21077323066294,306.21079441589427,306.21080731649516,306.210815172227,306.2108199559215,306.21082286891954,306.2108246427699,306.2108257229435,306.21082638070806,306.21082678124884,306.21082702515554,306.21082717368114,306.21082726412425,306.21082731919927,306.21082735273717,306.21082737315953,306.21082738559517,306.2108273931689,306.21082739777984,306.21082740058813
0.8762466701353577,0.8510545234650687,0.0,221.59589140143214,281.7262801201798,307.7566636366007,322.1395847805352,330.66678078727676,335.81815883356404,338.9467959263872,340.8501121466071,342.0086722195506,342.7140515504995,343.1435552054171,343.40508938072486,343.5643461617129,343.6613236865853,343.7203772364095,343.75633740986876,343.7782350834506,343.7915695118126,343.7996894168537,343.80463397591507,343.8076449306697,343.8094784306803,343.81059492783896,343.8112748110834,343.8116888213051,343.8119409299821,343.8120944498291,343.81218793468446,343.8122448616466,343.81227952692956,343.8123006361156,343.8123134904088,343.8123213179434,343.8123260844671,343.81232898700813,343.812330754491,343.81233183078734,343.812332486191,343.8123328852946,343.8123331283256,343.8123332763182,343.81233336643743,343.81233342131435,343.8123334547309,343.8123334750805,343.8123334874723,343.81233349501764,343.8123334996125,343.81233350241064
0.8511938607417249,0.1242165480992095,0.0,202.59383099329006,269.23656606041806,299.74296008126515,316.7925753557194,326.9258424437881,333.051352310157,336.7723419697447,339.0361835034498,340.41424442989444,341.2532806924549,341.7641735888672,342.0752697983207,342.2647075046374,342.3800637547178,342.4503090312316,342.4930843902166,342.5191321518938,342.53499376036837,342.5446525799459,342.55053425291254,342.55411585783514,342.55629685183015,342.55762495327554,342.5584336915916,342.5589261672656,342.5592260569585,342.55940867273625,342.55951987536224,342.5595875914405,342.55962882668297,342.55965393660034,342.55966922711264,342.5596785381652,342.55968420806727,342.5596876607142,342.55968976318024,342.5596910434632,342.55969182308263,342.5596922978266,342.5596925869181,342.55969276295804,342.5596928701574,342.55969293543546,342.5596929751864,342.55969299939204,342.5596930141315,342.55969302310706,342.55969302857284,342.55969303190125
0.1477502677353947,0.8764746978388631,0.0,176.58384436817727,236.6623882960954,265.432245211978,281.9551809159369,291.9055015635812,297.95719224646587,301.64365657690433,303.88937689675265,305.25720961061785,306.0902403498784,306.5975372101934,306.906460054225,307.0945786008206,307.20913262589073,307.2788896322014,307.3213677028866,307.3472344325546,307.3629857976003,307.37257748147834,307.3784182705907,307.38197497856873,307.3841408112677,307.3854596801311,307.3862627962333,307.3867518482549,307.38704965312036,307.3872309993469,307.3873414288863,307.3874086741963,307.38744962276627,307.3874745581168,307.3874897423275,307.38749898864853,307.38750461913224,307.3875080477768,307.3875101356264,307.3875114070084,307.38751218120694,307.38751265265006,307.3875129397322,307.3875131145496,307.38751322100245,307.3875132858268,307.387513325301,307.38751334933806,307.38751336397655,307.38751337288903,307.3875133783174,307.3875133816221
0.0775640437349836,0.5261827283771233,0.0,225.75158969784408,265.20671666494115,281.22258444890355,290.1738458839377,295.53876174501266,298.7987724092963,300.784378986024,301.9939722219776,302.7307293058338,303.1794315866753,303.4526834677914,303.6190834541213,303.7204130432935,303.7821174121305,303.8196919788429,303.8425727851866,303.8565059039243,303.86499038333505,303.8701569494842,303.8733030946545,303.8752189182128,303.87638554583475,303.87709595572323,303.8775285549539,303.8777919832875,303.87795239616435,303.8780500784854,303.8781095614646,303.87814578321746,303.8781678402051,303.87818127165673,303.8781894506468,303.8781944311872,303.87819746405347,303.8781993108957,303.8782004355182,303.87820112034865,303.8782015373716,303.8782017913156,303.8782019459529,303.8782020401181,303.878202097459,303.8782021323767,303.878202153639,303.87820216658633,303.87820217447165,303.8782021792726,303.87820218219616,303.87820218397684
0.8031907829746423,0.3897633886080225,0.0,171.92506025308595,247.25980759961143,285.29902341561956,307.0606358971355,320.0643102522744,327.9356303078967,332.7189189307291,335.62939001803426,337.40113658406676,338.47988261492367,339.13673834958865,339.53671552331457,339.78027600630867,339.92858972271057,340.0189041422117,340.07390043857976,340.10739004483906,340.12778330896697,340.1402016472963,340.1477637094935,340.1523685755797,340.15517267729706,340.1568802158548,340.1579200097712,340.1585531851569,340.15893875296956,340.1591735418482,340.1593165149263,340.15940357740186,340.1594565934999,340.15948887728877,340.15950853628107,340.1595205074896,340.1595277972749,340.15953223633954,340.15953493947785,340.159536585535,340.15953758789067,340.1595381982679,340.15953856995355,340.1595387962882,340.1595389341131,340.1595390180409,340.15953906914837,340.15953910026985,340.15953911922094,340.159539130761,340.1595391377883,340.1595391420679
0.3897633886080224,0.1968092170253576,0.0,95.39719009985045,177.67256063330396,232.18544458716443,266.1487165598309,286.971017662014,299.6787725130199,307.4233098876915,312.1408070304233,315.01388972847127,316.76354255973916,317.8290129128048,318.4778331055276,318.8729306083924,319.1135234628598,319.26003115161114,319.34924611849607,319.40357300376206,319.4366550048077,319.4568000692843,319.46906727097274,319.47653730051,319.4810861242815,319.4838560995426,319.4855428570788,319.4865699965553,319.4871954661136,319.48757634152014,319.4878082729914,319.48794950607214,319.4880355089875,319.4880878798743,319.4881197707668,319.48813919050684,319.4881510160243,319.4881582170921,319.4881626021333,319.4881652723741,319.4881668983983,319.4881678885551,319.48816849150364,319.48816885866535,319.4881690822463,319.4881692183944,319.4881693013006,319.48816935178564,319.4881693825289,319.48816940124857,319.48816941264926,319.48816941959075
0.3684122819030806,0.4848580857800159,0.0,98.47783649123024,180.10456350210342,233.42248812296006,266.5091542502183,286.77574485502174,299.14252308741374,306.67925123803747,311.27022919661687,314.06628209637114,315.7690306420749,316.8059385195474,317.43736508302976,317.82187038711464,318.05601294340687,318.1985926438088,318.28541563120547,318.3382859105126,318.37048090945535,318.39008583478767,318.40202412010495,318.40929385723933,318.4137207138696,318.4164164178784,318.41805794835625,318.4190575470872,318.4196662458816,318.4200369088376,318.4202626215045,318.42040006768445,318.4204837645937,318.4205347312528,318.4205657670499,318.42058466608626,318.42059617452423,318.4206031825091,318.42060744997326,318.4206100486165,318.4206116310424,318.42061259464964,318.42061318143135,318.4206135387484,318.4206137563345,318.4206138888314,318.4206139695149,318.4206140186469,318.42061404856497,318.42061406678306,318.4206140778777,318.4206140846332
0.5998597654401341,0.7001521314235603,0.0,99.92640881402203,185.3252547129465,241.30941346286735,275.93421655728474,297.0752387320613,309.9507121985294,317.789541950673,322.5621731912444,325.46816642847295,327.2376665061897,328.31516555323253,328.97129329377515,329.370835320935,329.6141329097016,329.7622870446902,329.8525043971642,329.9074416015238,329.9408952224453,329.9612665703502,329.97367156085227,329.98122549386983,329.9858254092052,329.98862649594474,329.9903321984372,329.99137087424293,329.99200336873895,329.9923885219194,329.992623058305,329.9927658776283,329.99285284647505,329.99290580555737,329.99293805462725,329.9929576924769,329.9929696508113,329.99297693275713,329.99298136704783,329.9929840672784,329.99298571156623,329.9929867128434,329.9929873225642,329.99298769385024,329.9929879199409,329.9929880576183,329.99298814145624,329.9929881925086,329.99298822359646,329.99298824252713,329.9929882540543,329.9929882610745
0.7001521314235604,0.4001402345598662,0.0,125.34129327237868,209.242381751942,259.07890709368013,288.93377266197774,306.9907222201631,317.956873191869,324.6272889663543,328.68728481218875,331.15908098006753,332.6641254823295,333.58057401711335,334.13862868593714,334.4784494390637,334.68538021007726,334.8113890929444,334.8881212924405,334.934846829849,334.9633000243737,334.9806264024431,334.99117718195856,334.99760200703764,335.0015143603377,335.00389676111183,335.00534750775404,335.00623092998626,335.00676888390245,335.0070964672531,335.00729594688937,335.0074174186465,335.00749138804053,335.00753643119504,335.007563859916,335.00758056244734,335.0075907333393,335.0075969268335,335.0076006983204,335.00760299494056,335.00760439345197,335.00760524506575,335.0076057636505,335.00760607943937,335.00760627173594,335.0076063888344,335.0076064601405,335.0076065035619,335.0076065300026,335.0076065461039,335.0076065559085,335.00760656187845
0.4001402345598665,0.2998478685764391,0.0,94.12593226478192,176.68163371140758,231.71062503183896,266.05269173834677,287.11472674839536,299.96931927330684,307.80323008532406,312.57509208126936,315.4812550326444,317.2510430007854,318.328771468816,318.98505510205723,319.3846970375432,319.62805705174935,319.77624972850975,319.8664907351991,319.9214424112507,319.9549048705249,319.97528161079333,319.9876898891628,319.99524582607205,319.99984696241586,320.00264879300187,320.00435494859437,320.0053939003727,320.006026562947,320.006411818489,320.0066464172118,320.00678927449667,320.0068762664613,320.0069292396219,320.0069614972645,320.0069811403355,320.00699310184837,320.00700038572995,320.0070048211991,320.00700752214817,320.00700916687225,320.0070101684164,320.00701077829876,320.00701114968257,320.0070113758349,320.0070115135487,320.0070115974082,320.00701164847436,320.00701167957,320.0070116985062,320.0070117100365,320.0070117170584
0.4542102956116357,0.5241957744669409,0.0,90.1064476620999,173.84155903427103,230.79344336505517,266.52499322540564,288.4600131729507,301.8471908129892,310.0045967849973,314.9730395460691,317.99876256038783,319.84130805520743,320.9633264818068,321.6465752625777,322.0626358022651,322.315993244523,322.47027357992664,322.5642215460794,322.6214305186581,322.65626753053675,322.6774812899204,322.6903992631069,322.6982655742239,322.70305571039967,322.7059726309577,322.7077488697215,322.7088304981325,322.7094891483346,322.7098902288579,322.71013446409205,322.71028318946276,322.71037375475754,322.7104289038731,322.7104624865474,322.710482936488,322.7104953893385,322.71050297241646,322.71050759008034,322.71051040197403,322.7105121142582,322.71051315694206,322.7105137918769,322.71051417851595,322.71051441395764,322.71051455732743,322.7105146446322,322.7105146977958,322.71051473016956,322.71051474988275,322.7105147618873,322.7105147691971
0.3858828948286999,0.1118529754720475,0.0,95.87146542604253,178.038573254726,232.3589386174219,266.1818512746219,286.9155241208934,299.56903826152706,307.28057242966787,311.97799722575166,314.8388673096631,316.58108708312017,317.6420324462402,318.2880976533203,318.68151770435117,318.92108915498335,319.06697489453234,319.1558111411084,319.2099074120266,319.24284898408763,319.262908536174,319.2751236660589,319.28256198699347,319.28709150210057,319.2898497195148,319.29152931720427,319.29255209674744,319.29317491135697,319.29355417005235,319.29378511703754,319.2939257506224,319.2940113884804,319.2940635370677,319.2940952925913,319.2941146299002,319.2941264052222,319.29413357572355,319.29413794215134,319.2941406010573,319.2941422201803,319.29414320613375,319.2941438065233,319.29414417212627,319.29414439475784,319.2941445303281,319.2941446128824,319.29414466315313,319.2941446937656,319.29414471240636,319.29414472375777,319.29414473067027
0.1113131156570305,0.3897238218686953,0.0,200.40111489293417,251.05418059846312,273.4397948457439,286.11365638429214,293.72644388907213,298.3543282156643,301.1732982103555,302.89057952085017,303.9365670943735,304.5735977267112,304.9615383709853,305.19777957019534,305.3416391862553,305.4292421436929,305.48258755040564,305.515071926271,305.53485308165705,305.54689868620807,305.5542337763932,305.5587004299322,305.5614203682235,305.5630766560907,305.5640852412684,305.5646994123121,305.565073407564,305.56530114941205,305.56543983124914,305.56552428060314,305.5655757054588,305.5656070202715,305.56562608921286,305.56563770111416,305.5656447721008,305.5656490779297,305.5656516999353,305.5656532965871,305.5656542688578,305.56565486091483,305.56565522144416,305.5656554409862,305.565655574674,305.5656556560834,305.5656557056564,305.5656557358437,305.5656557542268,305.56565576542,305.5656557722365,305.5656557763873,305.56565577891536
0.3867517431551427,0.8888327691321695,0.0,95.77279992835398,177.970595878971,232.3338611831822,266.1852600193436,286.9356222108493,299.59875166062614,307.3158693342512,312.0165728396794,314.8793866575703,316.6227671535257,317.6844093834254,318.33089461137786,318.7245685413737,318.9642937640941,319.11027278094514,319.19916567004367,319.2532963638424,319.28625886718044,319.30633115195263,319.3185540295064,319.32599706578554,319.3305294511528,319.3332894159042,319.3349700774089,319.33599350466056,319.3366167136472,319.33699621247763,319.3372273056834,319.33736802830464,319.3374537203791,319.3375059019809,319.33753767760794,319.33755702715905,319.3375688099349,319.3375759849762,319.3375803541675,319.3375830147571,319.33758463490483,319.3375856214829,319.3375862222524,319.3375865880872,319.33758681085885,319.33758694651533,319.33758702912223,319.3375870794246,319.33758711005606,319.33758712870895,319.337587140068,319.3375871469843
0.8881470245279525,0.3858828948286999,0.0,231.2263681069023,287.85563184854544,311.65201306059873,324.7280891819374,332.47217098952825,337.14937208478847,339.9898849734554,341.7179110859495,342.76977579950204,343.41019828881963,343.80015184843506,344.0376040383965,344.18219693193186,344.27024524869057,344.32386152674655,344.35651075602317,344.37639227200526,344.3884989832365,344.3958712818976,344.40036059272006,344.40309432785244,344.40475901717,344.4057727183404,344.4063900047294,344.4067658970491,344.4069947941028,344.4071341793947,344.40721905711246,344.4072707428178,344.4073022164728,344.4073213821395,344.40733305294225,344.40734015979575,344.4073444874665,344.4073471227712,344.40734872752256,344.40734970472397,344.40735029978526,344.4073506621431,344.4073508827989,344.40735101716604,344.4073510989864,344.40735114881096,344.40735117915193,344.4073511976273,344.4073512088782,344.4073512157293,344.407351219901,344.40735122244195
0.6163769486522945,0.803416394084449,0.0,102.905126188426,188.3068636085243,243.62727979376518,277.70281470227457,298.4817960371934,311.13157142341305,318.8318984704573,323.5199498295753,326.37437905212965,328.112463344904,329.1708272174,329.8153012460167,330.20774633714717,330.4467221250797,330.59224446650626,330.68085918227297,330.7348204623949,330.7676797970005,330.78768925667333,330.799873877115,330.80729361699196,330.8118118162046,330.8145631424139,330.81623854354757,330.8172587675388,330.817880025924,330.8182583369494,330.8184887068507,330.81862898902125,330.81871441288615,330.81876643116277,330.81879810733517,330.8188173963236,330.81882914222035,330.8188362948037,330.81884065032057,330.8188433025822,330.8188449176588,330.8188459011491,330.81884650003866,330.81884686472864,330.8188470868032,330.8188472220347,330.81884730438316,330.8188473545282,330.81884738506346,330.8188474036583,330.81884741498084,330.81884742187634
0.5227336272858879,0.4524772830415669,0.0,91.11542042523047,175.90617919437747,233.47965181316792,269.5364194550828,291.6453823164856,305.13026489682846,313.3446509920505,318.3470573916965,321.393253691485,323.24820794685036,324.377766559705,325.0656025558804,325.4844553152353,325.7395127789276,325.8948282679143,325.9894065732594,326.04699938676373,326.0820701373745,326.10342623136285,326.1164308787788,326.12434996984234,326.1291722461309,326.13210873824903,326.1338968950051,326.13498578080794,326.1356488503539,326.1360526220086,326.1362984959902,326.1364482192652,326.1365393922266,326.1365949113763,326.13662871938203,326.1366493065355,326.13666184294107,326.13666947689967,326.13667412554605,326.13667695630784,326.13667868008037,326.1366797297602,326.13668036895524,326.13668075818924,326.1366809952098,326.1366811395419,326.1366812274323,326.1366812809519,326.1366813135436,326.13668133338945,326.13668134547436,326.1366813528333
0.3282873650419606,0.3956545030909837,0.0,106.01866905708674,186.11366484235137,236.68201418107526,267.76450388747304,286.76187522596274,298.3498079242648,305.4118267653365,309.71380400051567,312.33392225517383,313.9295560331483,314.90124365925925,315.49295693587743,315.8532798099904,316.0726968802015,316.2063096813333,316.2876723681838,316.33721764698873,316.3673879145065,316.3857598955086,316.3969473886634,316.403759936414,316.40790839085787,316.4104345638295,316.4119728595741,316.4129095942346,316.41348001238947,316.41382736461543,316.4140388823735,316.4141676846617,316.4142461179334,316.4142938793353,316.41432296331345,316.41434067380317,316.4143514584844,316.41435802574136,316.41436202482834,316.41436446004457,316.4143659429528,316.41436684595925,316.4143673958392,316.4143677306846,316.4143679345862,316.4143680587512,316.41436813436076,316.41436818040194,316.41436820843927,316.4143682255118,316.414368235908,316.4143682422392
0.4401748252316914,0.04297080538511339,0.0,90.86509635699092,174.3179564546042,230.85362431075697,266.28996359594794,288.0413138023772,301.3170980464641,309.40708596641497,314.3346515413641,317.33554844603066,319.16300027739305,320.2758364742718,320.9534972465018,321.3661563786501,321.61744311860787,321.7704627488259,321.8636431168949,321.92038470866896,321.95493713070516,321.97597759908774,321.98879005140714,321.99659210784176,322.0013431172367,322.00423621210206,322.0059979425016,322.00707073619986,322.0077240065883,322.00812181112184,322.0083640514695,322.00851156206994,322.0086013876391,322.00865608630403,322.00868939468074,322.0087096775886,322.0087220287264,322.00872954986704,322.00873412981423,322.0087369187414,322.00873861703946,322.00873965120627,322.00874028095535,322.00874066443635,322.008740897955,322.00874104015423,322.0087411267459,322.0087411794748,322.00874121158415,322.00874123113624,322.00874124304266,322.0087412502933
0.4401748252316917,0.9570291946148866,0.0,90.87886887374482,174.33668797932108,230.87058901495007,266.30292735338907,288.05039252052313,301.32314914036056,309.4109999701153,314.3371353381427,317.33710489835585,319.16396732213184,320.2764337833374,320.95386466837084,321.3663817362508,321.6175810576658,321.77054705652245,321.8636945915851,321.9204161134526,321.9549562805535,321.9759892716995,321.9887971643762,321.9965964414322,322.00134575710854,322.0042378200556,322.00599892183794,322.00707133264075,322.00772436982203,322.00812203232607,322.00836418617666,322.0085116441012,322.0086014375926,322.00865611672253,322.00868941320476,322.00870968886807,322.0087220355946,322.0087295540491,322.0087341323605,322.00873692029097,322.0087386179831,322.00873965178045,322.00874028130477,322.008740664649,322.0087408980844,322.0087410402322,322.00874112679276,322.00874117950315,322.00874121160126,322.00874123114625,322.00874124304823,322.00874125029645
0.04297080538511344,0.4401748252316917,0.0,255.88622445171458,280.45164558855583,289.4969890240795,294.50071031111645,297.49517320722777,299.31428512533705,300.4222238520265,301.09715874309603,301.5082602272045,301.7586316336879,301.91110385092026,302.00395376813225,302.06049495750256,302.09492557755294,302.115891940044,302.1286592839169,302.1364338767257,302.1411681636283,302.1440510757791,302.14580660556305,302.14687562345466,302.1475265945943,302.1479229990151,302.1481643867734,302.14831137819374,302.14840088761275,302.1484553937599,302.1484885849042,302.14850879642455,302.1485211040907,302.14852859875884,302.1485331625875,302.1485359416987,302.14853763401914,302.14853866454644,302.1485392920794,302.14853967421044,302.1485399069069,302.14854004860535,302.14854013489213,302.1485401874357,302.1485402194325,302.14854023891587,302.1485402507799,302.1485402580046,302.1485402624048,302.1485402650834,302.14854026671475,302.1485402677082
0.9570291946148866,0.4401748252316914,0.0,297.7966856180452,325.4014406109191,335.0063588701029,340.15072010040024,343.1834249549783,345.01314725613065,346.124037566687,346.7997880559043,347.2111106685833,347.4615393243145,347.6140246494284,347.7068764343405,347.7634170424361,347.79784682545034,347.8188125424476,347.8315794550819,347.8393537745633,347.8440878920075,347.84697070012055,347.84872616631344,347.84979514541436,347.8504460929145,347.85084248293384,347.8510838619214,347.85123084800136,347.8513203541673,347.851374858333,347.8514080482714,347.8514282590566,347.85144056627587,347.8514480606735,347.8514526243353,347.85145540334474,347.85145709560385,347.8514581260935,347.8514587536032,347.8514591357208,347.85145936840854,347.85145951010276,347.8514595963871,347.8514596489277,347.85145968092354,347.851459700407,347.85145971226996,347.85145971949515,347.85145972389375,347.85145972657244,347.8514597282042,347.85145972919753
0.2539739525296661,0.6752957816353492,0.0,127.18432408901016,202.50122660305382,246.00112028338742,272.1016785208289,287.9657331016242,297.63182855809333,303.5217854638429,307.1098513531345,309.2952253340554,310.62612514368135,311.4366047665337,311.9301511068823,312.23069555297155,312.4137107568747,312.5251567870241,312.5930211205919,312.63434664649844,312.6595115413144,312.6748355302107,312.6841669673773,312.68984928163496,312.69330948773484,312.69541655641706,312.6966996414,312.6974809671823,312.69795675015115,312.6982464749238,312.6984229008356,312.69853033418394,312.6985957549852,312.69863559253264,312.6986598513341,312.6986746235651,312.6986836190138,312.6986890967299,312.698692432348,312.6986944635504,312.69869570043636,312.6986964536297,312.69869691228223,312.69869719157464,312.6986973616486,312.698697465214,312.6986975282792,312.69869756668214,312.69869759006735,312.69869760430794,312.6986976129793,312.6986976182596
0.7895692347592851,0.6119693536154557,0.0,164.32717411797756,241.48722089917112,281.4317705175369,304.43141722018527,318.1964812416099,326.5320105719005,331.5979338908481,334.68046779715746,336.55697034324214,337.6994986898812,338.39519105778146,338.8188162743036,339.07677655925585,339.2338587239223,339.3295125401859,339.3877601872682,339.423229664731,339.4448285506897,339.45798104105006,339.46599015873363,339.4708672555988,339.4738371301235,339.4756456147821,339.4767468790841,339.4774174864175,339.47782584814985,339.478074517224,339.4782259425502,339.4783181519641,339.478374302254,339.47840849458805,339.47842931577617,339.47844199469523,339.4784497154356,339.4784544169282,339.4784572798697,339.4784590232381,339.47846008485016,339.4784607313116,339.47846112497024,339.47846136468553,339.4784615106588,339.4784615995479,339.4784616536764,339.47846168663773,339.4784617067093,339.4784617189319,339.47846172637463,339.47846173090664
0.5409792096393168,0.5276756773601795,0.0,92.38256547853504,177.38987233944485,234.83095393283483,270.73731037006183,292.7384918066827,306.1539464619597,314.325113413549,319.30095372107047,322.33090401248853,324.1759454896011,325.2994618049983,325.98361651171615,326.40022696042917,326.6539187726308,326.8084025808026,326.9024744107263,326.9597587980153,326.99464172992504,327.01588345105523,327.0288184510774,327.0366951304854,327.0414915803349,327.04441234555316,327.0461909254929,327.0472739795466,327.04793349788343,327.0483351070512,327.0485796641996,327.0487285855984,327.04881927026247,327.04887449206683,327.04890811900617,327.04892859589967,327.04894106516423,327.04894865823695,327.04895328198654,327.048956097587,327.0489578121277,327.0489588561856,327.0489594919573,327.0489598791061,327.0489601148583,327.0489602584173,327.04896034583703,327.0489603990702,327.04896043148653,327.0489604512266,327.0489604632468,327.0489604705658
0.8730948616729365,0.189361096827136,0.0,219.02948556867878,280.1102374606863,306.7283815403644,321.45506099346983,330.1887845322489,335.4654778365588,338.6703762355385,340.6201396112111,341.80699353731734,342.52960823245246,342.96961027607364,343.2375388062194,343.4006900419214,343.50003936354574,343.56053733425006,343.5973771361126,343.6198104790482,343.63347111088376,343.6417896602534,343.6468551845919,343.6499398012783,343.65181815763646,343.6529619699416,343.6536584866402,343.6540826257228,343.65434090231605,343.65449817808087,343.65459395007946,343.6546522697826,343.65468778316597,343.65470940879715,343.6547225775779,343.6547305966158,343.654735479754,343.6547384533079,343.65474026403297,343.6547413666624,343.6547420381001,343.65474244696725,343.6547426959453,343.6547428475577,343.65474293988143,343.65474299610116,343.6547430303362,343.6547430511829,343.6547430638782,343.6547430716083,343.6547430763153,343.6547430791821
0.9606565576169606,0.09516548396504931,0.0,301.7910363428631,327.4471062957939,336.2596317512519,340.97496292882687,343.75449431537294,345.4314538926515,346.4496006434292,347.06893943005895,347.44592693968167,347.67545214134543,347.8152098967265,347.90031179535094,347.9521333329389,347.9836895335402,348.00290542686014,348.0146068063025,348.0217322807667,348.02607129022175,348.0287135007753,348.0303224570542,348.03130222008707,348.03189884013284,348.0322621478493,348.0324833816055,348.03261810039004,348.0327001364743,348.03275009178395,348.03278051172947,348.03279903574594,348.0328103158201,348.0328171847435,348.0328213675264,348.0328239146047,348.0328254656301,348.0328264101159,348.0328269852539,348.0328273354812,348.032827548749,348.0328276786172,348.0328277576997,348.03282780585624,348.03282783518176,348.0328278530377,348.0328278639117,348.032827870534,348.03282787456567,348.03282787702057,348.0328278785158,348.03282787942646
0.904836416099257,0.9606558114766934,0.0,245.61991744124737,296.62276033227585,317.17673723102166,328.39180535202075,335.0243731844185,339.0288031874407,341.4604553120562,342.9396832226792,343.84008203520676,344.3882782119881,344.72207241250914,344.9253267063457,345.0490948532878,345.12446196539537,345.1703560473284,345.1983028671117,345.21532086852443,345.22568385556036,345.23199432235066,345.23583703661126,345.2381770306156,345.23960195371217,345.240469650774,345.24099802891243,345.24131978114156,345.24151570994735,345.24163501944776,345.2417076721476,345.24175191351145,345.24177885398694,345.2417952592025,345.2418052490477,345.24181133229433,345.2418150366465,345.24181729238575,345.24181866600287,345.2418195024569,345.24182001181094,345.24182032197785,345.2418205108518,345.2418206258666,345.2418206959029,345.2418207385511,345.24182076452144,345.2418207803363,345.24182078996597,345.24182079583056,345.24182079940203,345.2418208015753
0.09505847431526149,0.9608473169975105,0.0,212.04832812777485,257.7359869058242,277.12814619694785,288.03540478003845,294.5792337305232,298.55627459628477,300.9786456139943,302.4542931116424,303.3530931874596,303.9004792384957,304.2338260516348,304.43682082425335,304.56043456741827,304.6357086768616,304.68154641234713,304.70945900100565,304.7264561802892,304.736806494209,304.74310924558637,304.7469472621036,304.74928439559153,304.750707576837,304.7515742132223,304.7521019454724,304.7524233043916,304.75261899369417,304.7527381573522,304.752810721242,304.75285490852457,304.7528818160671,304.75289820123027,304.75290817886355,304.75291425467424,304.7529179544984,304.7529202074806,304.7529215794182,304.7529224148507,304.7529229235811,304.7529232333699,304.75292342201254,304.7529235368858,304.7529236068371,304.75292364943346,304.7529236753721,304.7529236911674,304.7529237007856,304.7529237066426,304.75292371020953,304.75292371238135
0.9608508751102698,0.9049253188725039,0.0,302.067216035232,327.55623596753543,336.3257216076236,341.018834254207,343.78507075792584,345.4539182112155,346.46710300273855,347.08340785926623,347.45854187160495,347.6869356262812,347.82600314397854,347.91068416958325,347.96224917262936,347.9936490494667,348.0127697026418,348.0244130652339,348.0315032015115,348.03582068797743,348.03844979048097,348.0400507639248,348.04102566552467,348.04161932508634,348.04198082997027,348.0422009658748,348.0423350161183,348.04241664509243,348.0424663524953,348.0424966214767,348.042515053565,348.04252627765817,348.04253311249374,348.04253727451817,348.0425398089569,348.04254135228393,348.0425422920843,348.0425428643679,348.04254321285566,348.04254342506573,348.04254355428935,348.04254363297855,348.04254368089613,348.04254371007585,348.04254372784465,348.0425437386646,348.04254374525317,348.0425437492655,348.0425437517079,348.04254375319573,348.0425437541015
0.03914912488973016,0.09507468112749601,0.0,259.47028935650445,282.1615744421644,290.41904578187126,294.9827550272287,297.7136341256315,299.3726212292052,300.3830473329614,300.9985860001095,301.3735123246083,301.6018534066611,301.74091005700336,301.82559063048814,301.8771571809192,301.9085585516589,301.92768028680854,301.93932436422574,301.9464149548284,301.9507327247497,301.95336200240763,301.95496308350323,301.9559380510581,301.9565317509478,301.9568932804598,301.9571134313913,301.9572474907981,301.957329125358,301.9573788361634,301.9574091072193,301.95742754057164,301.9574387654343,301.95744560073797,301.9574497630489,301.95745229765976,301.9574538410938,301.957454780957,301.9574553532806,301.9574557017931,301.9574559140175,301.9574560432499,301.95745612194537,301.95745616986613,301.9574561990464,301.95745621681704,301.9574562276368,301.95745623422744,301.95745623823916,301.95745624068195,301.95745624217045,301.9574562430767
0.904925318872504,0.03914912488973021,0.0,245.80443861868628,296.6969918753304,317.2158946057942,328.4157062914641,335.04017558736695,339.03998614766437,341.4689310097789,342.9465519212153,343.84598963095306,344.3936080819511,344.7270537578236,344.93009725125455,345.0537376586476,345.1290272585287,345.17487425982233,345.20279246267285,345.219793060992,345.23014546060125,345.23644948466216,345.24028827759884,345.24262588458623,345.24404935449627,345.2449161668123,345.24544400626263,345.24576543049164,345.24596115957837,345.2460803474663,345.2461529261146,345.24619712238535,345.2462240354014,345.24624042389877,345.2462504035614,345.24625648060913,345.24626018118573,345.24626243462615,345.2462638068434,345.2462646424451,345.24626515127903,345.24626546113063,345.2462656498118,345.24626576470826,345.24626583467386,345.24626587727903,345.24626590322333,345.24626591902177,345.2462659286413,345.24626593449983,345.2462659380673,345.2462659402396
0.669027027016152,0.1823772919266082,0.0,115.69952874168361,200.48367088674433,252.72707451505852,284.3888757981429,303.60287238929624,315.28312110449946,322.39008989728944,326.71626389305675,329.35022627872047,330.954041796095,331.9306426190983,332.5253287378018,332.8874567289812,333.10797163316147,333.24225259778103,333.32402207281604,333.37381504479987,333.4041361411681,333.4225999689521,333.43384339227106,333.4406899987393,333.4448591932272,333.44739799581305,333.4489439823249,333.4498854002472,333.4504586702529,333.4508077590981,333.4510203343605,333.45114978061054,333.4512286060169,333.4512766062082,333.45130583559575,333.45132363463046,333.45133447323127,333.4513410733225,333.4513450924028,333.45134753979374,333.45134903011643,333.45134993763793,333.4513504902669,333.45135082678655,333.45135103170753,333.4513511564935,333.45135123248036,333.4513512787523,333.45135130692904,333.45135132408734,333.45135133453596,333.4513513408982
0.5368085259252248,0.7774593438089579,0.0,92.08039011345896,177.0406465856753,234.5166074981983,270.46022110408194,292.4874596925031,305.91943266265764,314.10076668774025,319.08280636650375,322.116526028349,323.96385801363834,325.0887663946437,325.7737674325375,326.1908926089841,326.44489756832957,326.5995719335699,326.69375974323003,326.7511147296049,326.7860406408858,326.80730852896846,326.82025946096337,326.82814584106393,326.83294819765814,326.8358725595611,326.8376533295957,326.83873771725604,326.83939804766845,326.83980015133636,326.84004500960503,326.84019411436685,326.8402849106887,326.84034020048585,326.8403738688282,326.84039437093503,326.840406855552,326.8404144579737,326.84041908741654,326.8404219064837,326.8404236231357,326.84042466847825,326.84042530503405,326.84042569265944,326.84042592870094,326.8404260724372,326.8404261599642,326.84042621326284,326.8404262457197,326.8404262654833,326.8404262775184,326.8404262848467
0.5411850916233517,0.3303336280505957,0.0,92.57952229536632,177.57631837271808,234.9606664514648,270.82197107226705,292.79411393955627,306.19174892879875,314.3520995276306,319.32138363853704,322.3473572420024,324.18998437766754,325.3120337266436,325.99529655965904,326.41136453436656,326.66472628553646,326.8190092257798,326.9129587913547,326.97016874974486,327.0050063688235,327.0262205014578,327.03913870360145,327.04700515490896,327.05179537679953,327.05471234970895,327.05648862042,327.05757026831554,327.05822893039647,327.058630018159,327.0588742578038,327.05902298586113,327.05911355279306,327.0591687029056,327.0592022861869,327.05922273649765,327.0592351895732,327.0592427727884,327.05924739053523,327.0592502024803,327.05925191479514,327.05925295749773,327.0592535924443,327.05925397909067,327.05925421453617,327.059254357909,327.0592544452154,327.05925449837923,327.05925453075315,327.0592545504676,327.05925456247263,327.05925456978247
0.3231561659690944,0.6865344423715098,0.0,107.15888736793575,187.02210195169872,237.19043206681738,267.9826126311001,286.79580421845617,298.27042760303493,305.2632428598992,309.5230282916079,312.1174358153826,313.6974052334804,314.6595505082639,315.2454513723972,315.6022340672176,315.8194950339832,315.95179474173636,316.0323577635464,316.08141606280697,316.11128977471975,316.12948116462053,316.1405586856064,316.1473042654817,316.1514119398242,316.1539132798259,316.1554364536131,316.1563639798214,316.1569287905349,316.1572727281409,316.1574821665855,316.15760970268997,316.15768736492475,316.15773465681053,316.1577634548798,316.15778099126703,316.15779166992974,316.15779817262745,316.1578021324011,316.15780454367837,316.1578060120089,316.1578069061383,316.15780745061267,316.1578077821664,316.1578079840643,316.1578081070083,316.1578081818741,316.15780822746257,316.15780825522415,316.15780827212944,316.1578082824232,316.1578082886919
0.09744407334957084,0.5705493177736956,0.0,210.33686669186383,256.7561991229174,276.5900431898213,287.7555019337291,294.45531904705814,298.5273531842614,301.00763110090327,302.51856999854493,303.43887210511247,303.9993560903156,304.3406805131933,304.5485338779999,304.67510650590276,304.75218252405705,304.7991175687278,304.8276983773927,304.84510247377995,304.85570058103536,304.8621542261877,304.8660841291871,304.8684772166457,304.8699344708218,304.870821855747,304.8713622227057,304.87169127545627,304.8718916498716,304.8720136664956,304.87208796768346,304.8721332128817,304.8721607646351,304.8721775420862,304.87218775859975,304.872193979876,304.8721977682797,304.87220007520125,304.87220147998613,304.8722023354206,304.8722028563309,304.8722031735355,304.8722033666951,304.8722034843187,304.87220355594405,304.8722035995602,304.8722036261204,304.8722036422938,304.8722036521428,304.87220365813977,304.8722036617918,304.87220366401544
0.5710963278546362,0.09314983372951502,0.0,95.7048602037632,180.96875058864674,237.82248740658179,273.1938010680096,294.83267733268866,308.02007527355823,316.0507929616082,320.9407610787479,323.9183442368944,325.7314820663627,326.8355689207471,327.50789256650063,327.9172990722624,328.1666044048829,328.3184172589763,328.41086270819056,328.46715675850373,328.5014366480207,328.5223111580171,328.5350225506236,328.54276306728104,328.54747660239616,328.5503468775374,328.55209471201385,328.553159043883,328.55380716149796,328.55420182828465,328.5544421579223,328.5545885050086,328.55467762206376,328.55473188928465,328.5547649349363,328.5547850578599,328.5547973115753,328.5548047733918,328.55480931721354,328.5548120841427,328.5548137690453,328.55481479505556,328.55481541983687,328.55481580029357,328.55481603196966,328.55481617304764,328.5548162589563,328.5548163112693,328.5548163431253,328.55481636252375,328.55481637433644,328.5548163815294
0.9068501662704851,0.5710963278546357,0.0,247.69993278157753,297.7563302785293,317.87834950808497,328.85356922324735,335.34393039248044,339.2625242286743,341.6420827107698,343.089635920948,343.9707612273298,344.5072259133338,344.83387813498814,345.03278408112664,345.1539046185279,345.22765960587463,345.27257204568775,345.2999211226949,345.3165751419935,345.3267164886286,345.33289199076137,345.3366525199812,345.3389424683005,345.340336916566,345.3411860562529,345.3417031340327,345.34201800499716,345.34220974351,345.34232650136255,345.34239760025537,345.3424408954384,345.34246725974356,345.34248331410566,345.34249309030037,345.3424990434462,345.34250266857407,345.342504876071,345.3425062203109,345.3425070388763,345.34250753733687,345.3425078408701,345.3425080257052,345.3425081382587,345.3425082067971,345.3425082485339,345.34250827394914,345.3425082894248,345.34250829884957,345.3425083045879,345.3425083080829,345.34250831021063
0.5710963278546359,0.9068501662704851,0.0,95.71603825327766,180.98477822147274,237.83718766549075,273.2051176241913,294.84065301431923,308.025418799064,316.0542628825024,320.94296935180404,323.91973085111846,325.7323448303522,326.83610236297596,327.50822093938086,327.91750058275966,328.16672779255214,328.318492692657,328.41090877340275,328.46718486672387,328.501453789355,328.5223216070791,328.535028918312,328.5427669469458,328.54747896581296,328.5503483171273,328.5520955888197,328.55315957788497,328.5538074867085,328.55420202633394,328.55444227852905,328.55458857845395,328.55467766678936,328.55473191652,328.55476495152084,328.5547850679585,328.5547973177255,328.55480477713684,328.55480931949336,328.5548120855317,328.5548137698913,328.55481479557034,328.55481542014996,328.5548158004837,328.5548160320859,328.55481617311784,328.55481625899927,328.55481631129453,328.5548163431407,328.5548163625331,328.55481637434144,328.554816381532
0.744689104338241,0.3363221947447066,0.0,142.81080432506522,224.18027792412627,269.5825335790249,296.28156387989094,312.3484085642274,322.0922352506497,328.01665729525627,331.6221044435017,333.81705571948345,335.15350771618444,335.96729107643273,336.4628281288838,336.76457915880366,336.9483276381721,337.06021983279754,337.12835577774064,337.16984668800774,337.19511229374217,337.2104976121773,337.21986639705784,337.2255714547519,337.229045510702,337.2311610133377,337.232449234202,337.23323368748095,337.23371137493484,337.2340022594367,337.234179391562,337.2342872549554,337.2343529376287,337.2343929346432,337.234417290551,337.23443212191376,337.2344411533707,337.23444665301446,337.2344500019841,337.234452041317,337.23445328315404,337.23445403936256,337.2344544998508,337.2344547802616,337.2344549510162,337.23445505499626,337.23445511831335,337.2344551568706,337.2344551803495,337.2344551946465,337.23445520335315,337.2344552086548
0.3366388912271623,0.2553745350470596,0.0,104.204699054218,184.67275617732156,235.88185842429917,267.4278335541796,286.7184584438502,298.48645892417966,305.6583094475822,310.02718751686575,312.68804762891114,314.3084923530543,315.29528936995695,315.8962039358559,316.26213014323343,316.4849594555707,316.6206501789155,316.7032782298698,316.75359405585533,316.7842335483009,316.8028912630393,316.81425275286756,316.82117125517163,316.82538423012045,316.8279496925027,316.8295119133039,316.8304632169813,316.83104250684653,316.83139526144333,316.8316100689399,316.83174087449186,316.8318205276371,316.8318690318738,316.83189856819604,316.8319165541375,316.8319275065528,316.8319341759513,316.831938237235,316.831940710327,316.8319422162988,316.83194313335014,316.83194369178153,316.8319440318356,316.8319442389085,316.83194436500463,316.83194444178946,316.8319444885471,316.83194451702025,316.83194453435834,316.8319445449165,316.83194455134606
0.4038031018678403,0.4273194313173814,0.0,93.73155603398556,176.37932473328848,231.57484074056268,266.0388686790168,287.1778973318047,300.079539064103,307.94203581119973,312.7312645211363,315.647985713259,317.42419636079137,318.5058332636935,319.1644958706712,319.5655860409329,319.8098277706082,319.9585572869143,320.0491251662163,320.1042758752247,320.137859528231,320.1583100659695,320.17076328165876,320.17834658234005,320.18296438144637,320.1857763586122,320.1874886928526,320.1885314070586,320.18916636072885,320.18955301141415,320.1897884596993,320.1899318343184,320.1900191413093,320.19007230630285,320.19010468076146,320.1901243949658,320.1901363997952,320.19014371005426,320.19014816158585,320.1901508723166,320.1901525229963,320.19015352816643,320.1901541402583,320.190154512987,320.19015473995813,320.19015487817023,320.19015496233317,320.19015501358405,320.1901550447936,320.1901550637976,320.19015507537017,320.19015508241716
0.3395306175969764,0.1141312655208873,0.0,103.61306172186639,184.19595572783453,235.61693635374408,267.31825716281884,286.707588015501,298.53628081103494,305.7451699820162,310.1366153180014,312.81122117180547,314.4400379003289,315.43193382435015,316.0359537479637,316.403771138596,316.62775216514467,316.7641442583053,316.8471994221209,316.8977753437847,316.9285732233482,316.9473273884399,316.9587476117541,316.96570187972145,316.9699366340621,316.9725153589146,316.9740856558319,316.97504187741714,316.9756241620132,316.97597874023313,316.9761946582131,316.97632613998735,316.97640620491376,316.97645495990145,316.97648464891756,316.97650272783926,316.9765137368754,316.9765204407521,316.9765245230325,316.9765270089085,316.97652852266583,316.97652944445804,316.97653000577736,316.9765303475886,316.976530555732,316.97653068247973,316.9765307596619,316.9765308066614,316.97653083528144,316.9765308527091,316.9765308633223,316.9765308697851
0.4717576359965855,0.1905328156159789,0.0,89.77566708139254,173.81540421188348,231.10140876643538,267.0568409729585,289.1283899812714,302.597807748977,310.8049175964305,315.8035165166035,318.8475771531849,320.70128546001723,321.8301020464747,322.5174914703291,322.93607403449647,323.19096756730767,323.3461834505995,323.4407011849539,323.4982571470598,323.53330547067355,323.55464791348726,323.5676442504856,323.57555828199355,323.5803774777394,323.58331209417247,323.5850991088266,323.5861872991901,323.586849945269,323.58725345906385,323.5874991760256,323.5876488036859,323.58773991842475,323.58779540212015,323.5878291885359,323.58784976254293,323.58786229094267,323.5878699200258,323.58787456570474,323.5878773946579,323.58787911732963,323.58788016633906,323.5878808051258,323.587881194111,323.5878814309809,323.5878815752213,323.5878816630549,323.5878817165411,323.5878817491106,323.58788176894495,323.5878817810218,323.5878817883763
0.4688797091557571,0.8081130951871225,0.0,89.86983669958056,173.86102588485775,231.0821079863293,266.99093185862233,289.03270924678526,302.48359792492306,310.67925411220443,315.67079618664695,318.71052012862407,320.56156916979506,321.68875796679976,322.3751523533916,322.7931272988481,323.0476500741202,323.2026398551456,323.2970197599403,323.3544917274682,323.3894888749728,323.4108001420824,323.42377748942914,323.43167995494315,323.436492106615,323.43942243315166,323.4412068353018,323.44229343471204,323.44295511195253,323.4433580357627,323.4436033934504,323.4437528023296,323.44384378384194,323.4438991864097,323.4439329234223,323.44395346734564,323.44396597742696,323.4439735953544,323.44397823423935,323.44398105905697,323.44398277920953,323.4439838266853,323.4439844645382,323.4439848529549,323.4439850894777,323.44398523350753,323.44398532121266,323.4439853746205,323.44398540714275,323.4439854269466,323.44398543900684,323.4439854463501
0.1914711370666564,0.4685994941453187,0.0,153.017192128859,221.11656060909635,256.64891178699617,277.4378100112235,290.0043174380046,297.6529422182452,302.3128487199814,305.15162310249127,306.8806754143206,307.93369378134463,308.5749586617009,308.96546308605656,309.20326110716394,309.3480674478117,309.43624652436375,309.48994264008303,309.52264054249736,309.54255171218904,309.55467648433773,309.5620597817957,309.56655579035055,309.569293603998,309.57096077686833,309.5719759903653,309.57259419766666,309.57297065076494,309.5731998892981,309.5733394825312,309.5734244868733,309.5734762496842,309.57350777029365,309.57352696455183,309.57353865276457,309.5735457702214,309.5735501043481,309.57355274358446,309.5735543507293,309.5735553293898,309.5735559253381,309.57355628823655,309.57355650922113,309.5735566437881,309.57355672573175,309.57355677563095,309.5735568060166,309.5735568245202,309.5735568357872,309.57355684264843,309.57355684682676
0.8092747906254871,0.4715512135110272,0.0,175.49105857777167,249.9238700544161,287.0733166826739,308.26281739468016,320.9154861018051,328.57288940453094,333.2259242800335,336.0570859436134,337.78053939917027,338.8298776832016,339.4688255071098,339.8578975822588,340.09481736864893,340.2390872224993,340.3269391331537,340.3804358894851,340.4130123556366,340.4328495669093,340.4449292995807,340.4522851697056,340.45676447633264,340.4594921193854,340.4611530989234,340.4621645410259,340.46278045176143,340.4631555063804,340.4633838933196,340.4635229679801,340.46360765654106,340.4636592270599,340.46369063057386,340.4637097535276,340.46372139831954,340.4637284893356,340.4637328073618,340.4637354367936,340.4637370379678,340.46373801299285,340.4637386067274,340.46373896827737,340.4637391884415,340.46373932250884,340.4637394041476,340.4637394538608,340.46373948413435,340.4637395025686,340.463739513794,340.4637395206295,340.4637395247924
0.1021269311869393,0.3019405551490747,0.0,207.00020242127368,254.8438447868675,275.530297440361,287.20265020080865,294.209935606887,298.46930791966633,301.06377388594046,302.64429370870414,303.60698393878835,304.1932861039428,304.55033461003813,304.76776391096075,304.9001680783716,304.980795309709,305.02989289820187,305.05979059712746,305.0779966150807,305.08908305140557,305.09583406311555,305.0999450462768,305.1024484016237,305.1039728028329,305.10490107655295,305.10546634249323,305.1058105573216,305.10602016458597,305.1061478034939,305.10622552833206,305.10627285833993,305.106301679624,305.10631923014716,305.1063299174176,305.1063364253582,305.1063403883235,305.1063428015446,305.10634427105856,305.10634516590926,305.1063457108232,305.1063460426439,305.10634624470384,305.10634636774745,305.1063464426733,305.1063464882994,305.1063465160827,305.1063465330017,305.1063465433038,305.10634654957755,305.10634655339766,305.1063465557245
0.342464257252805,0.8860418278738025,0.0,103.04718806811992,183.7499125588361,235.37832224421018,267.2284270340741,286.71078424971387,298.5960068941318,305.8391041136313,310.25126674482004,312.93843726575767,314.5748830679926,315.5714151406773,316.17825409930504,316.5477863363386,316.77281082971257,316.90983799585786,316.9932797349216,317.0440909941705,317.07503215260533,317.0938735539769,317.1053468937926,317.1123335043106,317.11658795238327,317.1191786691428,317.12075626825003,317.1217169363652,317.1223019286071,317.12265815561284,317.1228750776017,317.1230071707578,317.12308760797873,317.12313658967264,317.12316641673823,317.12318457972606,317.12319563995356,317.12320237500194,317.12320647626416,317.1232089736991,317.1232104944953,317.12321142057414,317.1232119845033,317.12321232790345,317.12321253701515,317.1232126643527,317.1232127418937,317.1232127891113,317.12321281786456,317.123212835374,317.12321284603536,317.1232128525283
0.4301353308885231,0.717158285524337,0.0,91.49644519895328,174.75005142381863,230.96455713633011,266.1673609396831,287.7711099439967,300.95640594480705,308.99121869494394,313.8851563907665,316.8655555133422,318.68051310230476,319.7857345099639,320.45875510997075,320.8685871374393,321.1181516431963,321.2701222208236,321.3626636373767,321.4190160828205,321.4533315098721,321.4742276499043,321.4869522092451,321.4947007415625,321.49941915680876,321.5022924032506,321.5040420468952,321.5051074803618,321.50575626875104,321.5061513439857,321.50639192233797,321.50653842087456,321.50662763015333,321.5066819535317,321.5067150333805,321.5067351771271,321.50674744352403,321.5067549130621,321.5067594615866,321.5067622313789,321.5067639180246,321.5067649450965,321.5067655705245,321.50676595137475,321.50676618329095,321.5067663245149,321.50676641051126,321.50676646287894,321.5067664947678,321.50676651418667,321.50676652601135,321.5067665332116
0.544100335712747,0.1512503187323754,0.0,92.71227844817739,177.74647826854405,235.13014582783003,270.9843157784615,292.95045496862303,306.3440460608958,314.5018506342048,319.4695704927612,322.494591641521,324.33664052824935,325.45833899586194,326.1413888388006,326.5573274487786,326.8106105811615,326.96484571879114,327.0587662075702,327.1159584742224,327.1507853264041,327.1719929054179,327.18490711801496,327.1927711404572,327.19755988354547,327.2004759560521,327.2022516785156,327.2033329925798,327.2039914513845,327.2043924153676,327.20463657963904,327.20478526180005,327.2048758007833,327.2049309338764,327.2049645067955,327.2049849507939,327.20499740002697,327.20500498090286,327.205009597224,327.2050124083019,327.2050141200882,327.20501516246867,327.2050157972197,327.2050161837463,327.2050164191193,327.20501656244807,327.20501664972704,327.2050167028746,327.205016735239,327.2050167549467,327.20501676694784,327.20501677425597
0.7757823601229986,0.5741776183733311,0.0,157.26361516283248,235.93861387212473,277.6685009073006,301.85650295521947,316.3572872777248,325.1422963626057,330.4820926129958,333.7314127298173,335.709477934522,336.9138515280253,337.647203970291,338.09376202226355,338.3656871188199,338.53127307495015,338.6321052254371,338.6935061880546,338.7308958574944,338.75366403216077,338.7675285533006,338.77597125744035,338.7811123838917,338.78424303746044,338.786149427432,338.7873103105114,338.7880172222937,338.7884476913715,338.78870982256376,338.78886944555506,338.7889666468796,338.78902583695987,338.7890618803539,338.7890838287317,338.7890971940453,338.7891053327607,338.7891102887766,338.7891133067083,338.7891151444577,338.78911626354204,338.78911694500067,338.7891173599705,338.78911761266323,338.7891177665391,338.78911786024065,338.78911791729973,338.78911795204465,338.7891179732028,338.78911798608686,338.7891179939328,338.7891179987101
0.4299310592018804,0.4910642735743849,0.0,91.55740968537391,174.79746765006553,230.99043787784845,266.1786319014853,287.7736301729893,300.95377670450875,308.9855472650592,313.8776751879648,316.8569911345919,318.67129738699884,319.7761257728186,320.44890861951444,320.8585965570099,321.1080736212105,321.25999108364414,321.35250021373804,321.4088330238173,321.44313650510924,321.4640253756972,321.47674551048135,321.4844913494257,321.48920812496715,321.4920803731011,321.49382940891115,321.4948944722751,321.4955430353081,321.49593797331994,321.49617846811446,321.4963249157703,321.4964140940663,321.496468398578,321.49650146693784,321.4965216036889,321.49653386582554,321.49654133276937,321.4965458797138,321.49654864854415,321.49655033460505,321.49655136132014,321.49655198653124,321.4965523672483,321.4965525990842,321.496552740259,321.4965528262263,321.49655287857587,321.4965529104533,321.49655292986483,321.49655294168554,321.49655294888385
0.6744351334153136,0.677060706904622,0.0,117.29408304455379,201.9511256543,253.79965600804113,285.1609616683357,304.1814268687381,315.74182968040503,322.77536563876083,327.05669349888893,329.66330226811215,331.25044359073564,332.21688362808123,332.80537938307094,333.16373649753956,333.3819545910549,333.5148366846684,333.59575422047857,333.6450283634845,333.6750335022068,333.6933049208683,333.7044311740836,333.71120642891924,333.7153321735744,333.71784451735664,333.71937439181767,333.7203059983543,333.72087329375677,333.72121874439694,333.72142910419325,333.72155720134805,333.7216352052316,333.7216827051615,333.721711629918,333.7217292434495,333.7217399690891,333.7217465003938,333.72175047758725,333.7217528994716,333.72175437426176,333.72175527232486,333.72175581919424,333.72175615220715,333.72175635499224,333.72175647847735,333.72175655367255,333.72175659946254,333.7217566273455,333.7217566443249,333.7217566546642,333.721756660961
0.3246743668749434,0.3244156554451458,0.0,106.78349831088852,186.72242055234747,237.01875696563891,267.9041002104505,286.7767980327269,298.2882571647259,305.30367561286766,309.57728823075917,312.1801419056573,313.765265907832,314.7305550220148,315.3183725032847,315.6763232760517,315.8942959609364,316.0270292511966,316.1078563819904,316.1570755445182,316.1870472287567,316.205298285133,316.21641214263366,316.2231798507054,316.2273010004417,316.2298105464466,316.2313387173347,316.2322692865419,316.2328359502904,316.23318101629843,316.2333911418798,316.2335190964132,316.2335970134489,316.233644460494,316.2336733530465,316.2336909469679,316.23370166066627,316.23370818469897,316.2337121574643,316.23371457665246,316.2337160498009,316.2337169468633,316.2337174931243,316.2337178257661,316.2337180283261,316.2337181516736,316.2337182267849,316.23371827252384,316.2337183003759,316.2337183173364,316.2337183276645,316.2337183339536
0.6795640847500037,0.3241646975925534,0.0,118.75120359785147,203.29578759597746,254.7841525753666,285.8712927396169,304.71577841600873,316.16764813103526,323.1349229305088,327.37590021709076,329.95795056542585,331.5301454513201,332.4874881463405,333.07044610812767,333.42543191934004,333.64159748331963,333.77322988192384,333.8533865035232,333.9021973278352,333.9319203471099,333.95001997778456,333.96104162483033,333.96775318174673,333.9718401385585,333.97432886299714,333.9758443547297,333.9767672030509,333.9773291652172,333.97767136822966,333.9778797504094,333.97800664330964,333.97808391387196,333.97813096725065,333.97815962008343,333.97817706802897,333.978187692836,333.9781941627398,333.9781981025429,333.9782005016599,333.9782019625852,333.97820285220496,333.9782033939333,333.97820372381494,333.9782039246941,333.97820404701804,333.9782041215065,333.978204166866,333.9782041944868,333.9782042113063,333.978204221549,333.97820422778614
0.3586298825657113,0.750385865006131,0.0,100.0833494527921,181.38994841199334,234.1045226072848,266.74682224985065,286.73100712569646,298.92423343267865,306.35509068876905,310.8815757011134,313.63834919188736,315.3171748005175,316.33951263565723,316.96206564302014,317.34116685308857,317.57201834015297,317.7125938369158,317.7981963198982,317.8503233554029,317.8820657496098,317.9013950593099,317.9131655081407,317.92033304141506,317.92469766127505,317.92735546643917,317.9289739185932,317.92995946390107,317.93055960494354,317.9309250567092,317.9311475960526,317.93128310985895,317.9313656300618,317.9314158801728,317.9314464796331,317.9314651129649,317.93147645960426,317.9314833690629,317.93148757653046,317.93149013863786,317.9314916988167,317.9314926488766,317.9314932274089,317.93149357970265,317.93149379422937,317.93149392486356,317.9314940044119,317.93149405285345,317.9314940823505,317.9314941003133,317.9314941112516,317.9314941179118
0.8310453049309963,0.6047839073729698,0.0,189.1618135933377,259.79927509699564,293.58044119030967,312.6522840854713,324.01312316809765,330.8844642390615,335.0591028533786,337.59903269781904,339.14516571092776,340.08653170423395,340.6597317734414,341.0087673686896,341.2213071804642,341.3507309705345,341.4295424440396,341.47753407331606,341.5067582229211,341.5245540606849,341.53539071144394,341.5419896146845,341.5460079712148,341.5484549217359,341.54994497542134,341.5508523333738,341.5514048627667,341.5517413217488,341.55194620613577,341.55207096907867,341.55214694261633,341.55219320618085,341.552221378061,341.5522385331343,341.55224897959874,341.5522553409017,341.55225921457304,341.5522615734194,341.55226300982184,341.5522638845099,341.5522644171449,341.55226474148975,341.5522649389973,341.5522650592679,341.5522651325051,341.55226517710304,341.55226520426106,341.5522652207987,341.55226523086867,341.5522652370007,341.55226524073504
0.6043924076071523,0.1678584792363141,0.0,100.8502463030661,186.2324493616874,242.0016166453964,276.45284388659996,297.4808037951583,310.28633166277393,318.0824665800751,322.8291235985486,325.7193243165208,327.47922121189265,328.5508790929226,329.2034529699837,329.6008322884321,329.8428135326463,329.9901663645435,330.07989589079756,330.13453609034747,330.16780887579137,330.1880701155164,330.2004080609353,330.20792116929766,330.21249622561146,330.2152821750025,330.2169786598773,330.2180117227517,330.21864079932385,330.2190238711973,330.21925714019096,330.21939918774734,330.2194856866331,330.21953835953707,330.21957043434094,330.21958996607214,330.21960185978634,330.2196091023821,330.2196135127106,330.21961619835014,330.2196178337517,330.21961882961887,330.2196194360452,330.21961980532456,330.2196200301943,330.2196201671277,330.21962025051215,330.21962030128816,330.21962033220774,330.21962035103644,330.2196203625022,330.219620369484
0.7056634336487433,0.6085804553800875,0.0,127.4502232291864,211.0655041687051,260.36625995509047,289.8364135886879,307.6500352725873,318.46651339832516,325.0454978963864,329.0497471038532,331.4875750368361,332.97192685810336,333.87577153119753,334.4261498254142,334.76129552997105,334.96537921470497,335.08965427638464,335.1653306305015,335.21141319764735,335.2394748508965,335.25656279867843,335.266968385993,335.2733047965272,335.27716331006775,335.27951292534544,335.28094370742156,335.28181497234056,335.2823455231322,335.282668598396,335.2828653328602,335.2829851329634,335.28305808441405,335.28310250769977,335.2831295589555,335.28314603163165,335.2831560625553,335.28316217081687,335.28316589040134,335.28316815541655,335.28316953468163,335.2831703745759,335.28317088602415,335.28317119746646,335.2831713871175,335.28317150260426,335.2831715729286,335.2831716157525,335.2831716418295,335.2831716577092,335.28317166737986,335.2831716732677
0.6090992046196853,0.2947530197745424,0.0,101.63539624733471,187.03081811981252,242.62960517689984,276.9370586280024,297.8696657553908,310.6155983681305,318.3751154344129,323.0993944500215,325.9759459911263,327.72752434268125,328.7941143076843,329.44360122906204,329.839100424242,330.07993664207737,330.2265921607629,330.3158970387531,330.37027864132403,330.403393951458,330.42355929574074,330.43583884544734,330.4433163937747,330.4478697958896,330.4506425590335,330.4523310142039,330.4533591874314,330.4539852864803,330.4543665452087,330.45459871009956,330.45474008531886,330.45482617479,330.454878598383,330.4549105213706,330.4549299606551,330.45494179807366,330.45494900638914,330.45495339584346,330.45495606877097,330.45495769643196,330.4549586875854,330.45495929114145,330.45495965867224,330.4549598824777,330.4549600187631,330.4549601017529,330.45496015228895,330.4549601830624,330.4549602018013,330.4549602132129,330.4549602201615
0.4270411021710476,0.6028462708813167,0.0,91.74415449409531,174.92823529433852,231.02701645155656,266.1462398705467,287.6975905948963,300.8509868667764,308.8664571102161,313.74865664388494,316.7219238943683,318.53254469168047,319.6351276010281,320.30654244121774,320.71539703290665,320.96436649416097,321.11597479046503,321.2082956269379,321.2645137640106,321.2987474102606,321.31959375276614,321.33228798926217,321.34001805713575,321.34472522877985,321.3475916285929,321.3493371030666,321.3503999977622,321.35104724019084,321.35144137402636,321.35168137912257,321.3518275285783,321.3519165252872,321.3519707192227,321.35200372024843,321.352023815996,321.3520360531641,321.3520435049041,321.35204804258933,321.35205080578214,321.35205248840924,321.35205351303375,321.3520541369711,321.3520545169141,321.35205474827757,321.35205488916495,321.3520549749574,321.35205502719964,321.35205505901257,321.35205507838464,321.3520550901813,321.3520550973648
0.6211665218192582,0.5261017035907425,0.0,103.99500703111181,189.36089256956095,244.42137735306088,278.29002560717043,298.93458031796166,311.50113486507115,319.15058946181347,323.8076469038032,326.64320890786126,328.3698095712875,329.4211835426828,330.0614025667559,330.45125727315565,330.68865596786503,330.8332180849371,330.9212481388722,330.9748534197593,331.00749598277207,331.0273734460124,331.0394776903878,331.0468484868011,331.0513368826606,331.0540700605128,331.0557344104127,331.056747904867,331.05736506536203,331.0577408810136,331.0579697313769,331.05810908823617,331.0581939486397,331.0582456238014,331.058277091036,331.05829625279256,331.0583079212133,331.0583150266179,331.0583193534055,331.0583219881728,331.05832359259614,331.0583245695996,331.058325164538,331.0583255268225,331.0583257474334,331.05832588177213,331.0583259635768,331.0583260133918,331.058326043726,331.0583260621981,331.0583260734463,331.05832608029544
0.2977180885263025,0.8033770493789211,0.0,113.51292707295332,192.02601772600588,240.01269525865487,269.24362849190476,287.07153634452203,297.9415138415064,304.5655950661592,308.6008044765878,311.05846303021,312.55516331020357,313.46660333751345,314.02162774396714,314.35960841252984,314.5654199789996,314.6907476295179,314.7670650523239,314.8135380170296,314.8418374043124,314.85907011871035,314.869563860233,314.87595395134423,314.8798451531254,314.88221467359415,314.88365757675825,314.8845362227113,314.88507126812385,314.8853970803523,314.8855954814717,314.8857162964713,314.88578986593654,314.8858346655576,314.88586194597985,314.8858785582053,314.88588867410584,314.8858948341156,314.88589858521016,314.8859008694139,314.8859022603636,314.88590310737294,314.88590362315375,314.8859039372347,314.8859041284923,314.88590424495686,314.8859043158776,314.88590435906445,314.8859043853629,314.88590440137637,314.885904411128,314.8859044170665
0.1984926546606572,0.2975377446629972,0.0,149.70457615633805,218.80058255125476,255.32558367822793,276.762134801163,289.7288429254012,297.6221768922961,302.43131845457697,305.36102710320523,307.1454712185431,308.2322262093008,308.89403705483386,309.29705369351734,309.54247130237326,309.6919176887615,309.78292235287694,309.8383391179855,309.87208480980144,309.892634028764,309.90514733886386,309.912767234812,309.917407318818,309.9202328664086,309.9219534643444,309.92300121070315,309.9236392286833,309.924027745365,309.92426432993864,309.92440839649333,309.92449612483466,309.92454954640635,309.92458207710695,309.924601886454,309.92461394922,309.92462129475814,309.9246257677736,309.9246284915864,309.9246301502323,309.9246311602541,309.92463177529993,309.924632149827,309.92463237789366,309.9246325167735,309.92463260134264,309.92463265284096,309.92463268420016,309.9246327032961,309.9246327149244,309.924632722006,309.9246327263176
0.3815916370099949,0.5562314129933668,0.0,96.57535084091529,178.60974019371594,232.66575691749895,266.29193250037645,286.8999147856335,299.4759248926858,307.14006869382536,311.80857668025885,314.6518139107442,316.3832852381097,317.437680305539,318.07975442326824,318.47074307598734,318.70883347344324,318.85381712734676,318.9421039629725,318.99586563330377,319.0286034348033,319.0485388943758,319.0606784555409,319.0680707579166,319.072572249677,319.0753134021787,319.0769826081787,319.07799905971797,319.07861802090963,319.0789949330806,319.079224451162,319.0793642146237,319.07944932262467,319.07950114855896,319.0795327076056,319.0795519252714,319.0795636277363,319.0795707538727,319.07957509328435,319.0795777357391,319.07957934484415,319.07958032469753,319.07958092137255,319.0795812847136,319.0795815059674,319.07958164069896,319.07958172274186,319.0795817727019,319.0795818031252,319.07958182165027,319.07958183293215,319.07958183980156
0.6859066755114984,0.03263210080118195,0.0,120.76304859955975,205.10734441799286,256.0918938647312,286.8045693259383,305.41014428476467,316.7148029347444,323.5921622647573,327.77834716484733,330.3270292936345,331.87890642084176,332.82387806182226,333.3993034721449,333.7497027388445,333.9630755216013,334.09300734958185,334.1721284536763,334.22030872150435,334.24964777427635,334.267513594063,334.278392864839,334.28501772326024,334.2890518858601,334.2915084617333,334.29300437686317,334.29391530416837,334.29447000712304,334.2948077896922,334.29501348007494,334.29513873382473,334.29521500623736,334.2952614518003,334.2952897345073,334.29530695706814,334.2953174446286,334.2953238309562,334.2953277198667,334.2953300879927,334.295331530046,334.2953324081744,334.29533294290536,334.295333268525,334.29533346680927,334.295333587554,334.29533366107984,334.2953337058527,334.29533373311756,334.29533374972016,334.29533375982993,334.29533376598624
0.9673678991988177,0.685906675511498,0.0,309.8314689295425,331.2970140506533,338.60521318841074,342.51576560314965,344.8207505803711,346.2113454130773,347.05560627075323,347.5691605424412,347.8817534251033,348.07207068313323,348.18795390551077,348.25851764919076,348.3014862299711,348.32765144043924,348.343584502404,348.3532868115939,348.3591949599346,348.3627926842318,348.3649834930235,348.3663175707362,348.36712994810375,348.367624639688,348.3679258787195,348.3681093161534,348.36822101911764,348.3682890398711,348.3683304606419,348.36835568353627,348.3683710428439,348.3683803957889,348.3683860912007,348.368389559382,348.3683916713091,348.36839295735143,348.3683937404777,348.368394217358,348.3683945077511,348.3683946845832,348.36839479226455,348.3683948578362,348.36839489776565,348.3683949220801,348.3683949368867,348.3683949459023,348.368394951392,348.3683949547357,348.3683949567721,348.36839495801183,348.3683949587675
0.6859066755114986,0.9673678991988177,0.0,120.75578025365829,205.10696107026862,256.0955073127215,286.8088110838279,305.4136803527477,316.7173855336948,323.5939258691802,327.7795054990918,330.3277718238248,331.87937491420126,332.8241705166067,333.39948470437844,333.74981447709405,333.96314416778637,334.09304941583895,334.17215418558084,334.2203244415693,334.24965736915703,334.2675194465509,334.27839643294215,334.2850198979038,334.2890532109145,334.2915092689756,334.2930048685859,334.2939156036678,334.29447018953124,334.2948079007816,334.29501354772833,334.2951387750241,334.2952150313261,334.295261467079,334.29528974381157,334.29530696273383,334.29531744807855,334.2953238330577,334.2953277211463,334.29533008877075,334.2953315305204,334.29533240846416,334.2953329430816,334.2953332686328,334.2953334668752,334.29533358759426,334.2953336611045,334.29533370586785,334.295333733127,334.2953337497255,334.29533375983374,334.29533376598897
0.03263210080118234,0.6859066755114984,0.0,266.05454036600975,285.1348557964714,292.01620147626596,295.81957465600743,298.0953340550451,299.4777722170681,300.31973623741055,300.83263905820604,301.14504499005955,301.33530734094785,301.45117369288596,301.5217318197417,301.5646982891029,301.5908625817814,301.6067951882974,301.6164972492229,301.6224052545585,301.6260028940721,301.62819365188113,301.6295276987303,301.6303400573556,301.6308347375408,301.63113596963444,301.6313194028447,301.63143110323915,301.6314991224255,301.63154054224316,301.63156576455674,301.63158112351033,301.6315904762419,301.6315961715215,301.6315996396244,301.6316017515011,301.631603037514,301.63160382062296,301.6316042974917,301.6316045878785,301.63160476470586,301.6316048723841,301.6316049379554,301.63160497788334,301.63160500219755,301.631605017003,301.63160502601914,301.6316050315088,301.6316050348528,301.6316050368883,301.63160503812776,301.6316050388833
0.6283738834901171,0.6023273913959278,0.0,105.53742605515608,190.86188984661322,245.56199253417623,279.1413519060813,299.59691301479194,312.0460062624649,319.62345738938956,324.23656100824456,327.04532978490755,328.75560679037255,329.7970379798402,330.4312015116528,330.81736843388984,331.05252134834063,331.19571586087045,331.2829130998801,331.3360112347613,331.3683449708205,331.3880343743366,331.40002410031053,331.40732516121346,331.4117710919757,331.4144784109381,331.41612701421815,331.41713091986435,331.41774224131683,331.41811450132013,331.4183411864954,331.41847922487744,331.41856328240294,331.41861446865687,331.4186456381754,331.41866461864015,331.4186761766638,331.41868321484304,331.41868750069426,331.41869011053336,331.41869169977747,331.41869266753656,331.41869325684655,331.41869361570315,331.41869383422636,331.4186939672951,331.4186940483259,331.41869409766883,331.4186941277161,331.418694146013,331.41869415715513,331.41869416394
0.696645125047667,0.2007373294745257,0.0,124.28240633120487,208.26215239774393,258.3637366042694,288.4211171257397,306.60839954190686,317.65515042489847,324.37489433775096,328.4649890896298,330.95513238523597,332.4713559197308,333.3946144765601,333.9568171465852,334.29916425602687,334.50763363159496,334.63457952246233,334.71188234363194,334.7589553733569,334.78762017800165,334.80507541768895,334.8157046679526,334.8221772778467,334.8261187296407,334.8285188498567,334.82998038668075,334.8308703795427,334.83141233460736,334.83174235443437,334.83194331774826,334.83206569298176,334.8321402125416,334.83218559071616,334.8322132234448,334.83223005020585,334.8322402967459,334.83224653630646,334.8322503358443,334.83225264954666,334.83225405845985,334.83225491640803,334.8322554388491,334.83225575698646,334.8322559507141,334.83225606868405,334.8322561405198,334.8322561842641,334.8322562109014,334.8322562271219,334.8322562370004,334.83225624301525
0.4771407033813295,0.6587591422784908,0.0,89.85660889017133,173.9840444316544,231.3199074588784,267.29971650218783,289.3832609780117,302.8588944417592,311.06939400249036,316.0699124363428,319.1150874216611,320.9694530157893,322.0986612739274,322.78628565740365,323.2050098049875,323.4599889165659,323.61525663792366,323.70980581977267,323.7673808798811,323.8024408105331,323.82379031152067,323.836790942236,323.84470758648894,323.84952837242287,323.8524639568288,323.85425156076496,323.855340109899,323.85600297441755,323.856406621216,323.8566524191645,323.8568020961381,323.85689324090447,323.85694874288515,323.85698254043615,323.8570031212219,323.85701565375064,323.8570232853479,323.8570279325571,323.8570307624431,323.85703248568245,323.85703353503726,323.857034174035,323.8570345631482,323.85703480009613,323.8570349443837,323.85703503224653,323.85703508575017,323.8570351183309,323.85703513817117,323.85703515025205,323.8570351576087
0.5223206329219248,0.03756011439135298,0.0,90.94981622342507,175.73932829339765,233.35591942251938,269.4497955001847,291.5837209330456,305.0843693462907,313.3085234032428,318.31693877852376,321.36681903818436,323.2240272619902,324.35496305657085,325.04363971359186,325.46300528092155,325.7183754075212,325.8738814623978,325.9685758869368,326.02623944348096,326.0613532870681,326.08273562857676,326.0957562620223,326.1036850888876,326.10851329426015,326.11145339708673,326.11324375266213,326.1143339774648,326.11499786240574,326.11540213059885,326.1156483069464,326.1157982143475,326.11588949943257,326.1159450868592,326.11597893644137,326.1159995489124,326.116012100736,326.1160197440825,326.11602439844546,326.11602723268845,326.11602895858124,326.1160300095517,326.1160306495331,326.1160310392455,326.11603127655843,326.11603142106793,326.1160315090662,326.11603156265187,326.1160315952826,326.116031615153,326.1160316272531,326.11603163462115
0.5223206329219244,0.9624398856086471,0.0,90.95984332514185,175.75427583930028,233.37012468338463,269.4609640005513,291.5916842057638,305.0897395264586,313.312024150911,318.3191720575518,321.36822356310563,323.224902095546,324.3555043548007,325.043973091377,325.46320993577774,325.71850075222653,325.87395810632455,325.96862269723187,326.0262680089676,326.06137070840884,326.0827462488285,326.09576273425347,326.10368903234354,326.10851569657945,326.1114548603908,326.113244643919,326.11433452027217,326.1149981929811,326.11540233191505,326.1156484295439,326.1157982890047,326.1158895448954,326.11594511454376,326.11597895330044,326.1159995591789,326.11601210698694,326.1160197478886,326.11602440076376,326.11602723409953,326.1160289594402,326.1160300100745,326.1160306498508,326.11603103943895,326.1160312766755,326.1160314211391,326.1160315091092,326.1160315626781,326.11603159529875,326.11603161516246,326.1160316272587,326.1160316346243
0.9624398856086471,0.5223206329219244,0.0,304.0623415157197,328.47315406411445,336.8845939068912,341.3857160231823,344.0387017863452,345.6392458972003,346.6109777277891,347.2020745605287,347.561868049449,347.7809233673908,347.9143053643987,347.9955246196818,348.0449817517555,348.075098115426,348.09343720701503,348.1046046535457,348.11140498848727,348.1155460043489,348.11806764712554,348.11960318406926,348.1205382387198,348.1211076338228,348.12145436306224,348.1216655014533,348.12179407272845,348.12187236532435,348.1219200410629,348.1219490728778,348.12196675160214,348.12197751694043,348.1219840724193,348.12198806433264,348.1219904951811,348.1219919754296,348.1219928768171,348.121993425711,348.12199375995556,348.1219939634912,348.1219940874335,348.1219941629072,348.12199420886634,348.1219942368527,348.12199425389565,348.1219942642725,348.12199427059187,348.1219942744402,348.1219942767833,348.1219942782112,348.1219942790795
0.2903041466589524,0.3964643973981958,0.0,115.64007215885673,193.67629527269256,240.9507709799466,269.68028797650686,287.19347082834537,297.87073639790174,304.3774371171086,308.3412142178732,310.75540168176343,312.2256430114775,313.1209764635,313.66619521349116,313.99820579989563,314.2003823607773,314.3234966885444,314.39846640596613,314.4441187306547,314.471918410532,314.4888468384036,314.49915528973696,314.50543255097557,314.509255046356,314.51158272878547,314.51300015507235,314.5138632871049,314.51438888544334,314.51470894494946,314.5149038429935,314.5150225248202,314.51509479530523,314.5151388039214,314.5151656026672,314.5151819215793,314.5151918588687,314.51519791011265,314.5152015949766,314.5152038388494,314.51520520524036,314.51520603729455,314.51520654396825,314.51520685250364,314.5152070403845,314.5152071547934,314.5152072244616,314.51520726688506,314.51520729271954,314.5152073084505,314.51520731803043,314.5152073238635
0.2832963934076643,0.4712229951357829,0.0,117.67897051618266,195.2620360806625,241.8565625162445,270.10618448700524,287.31741445524665,297.80942138177204,304.2031153181865,308.0980491079328,310.47030951335864,311.91501797891345,312.79480263696996,313.33055270590245,313.65679723818965,313.855462523173,313.9764386486465,314.05010630677555,314.0949657444151,314.12228259807586,314.1389170108725,314.14904642314565,314.15521465951286,314.1589707648296,314.1612580194347,314.16265082745286,314.1634989683502,314.16401543793535,314.16432993854795,314.1645214515399,314.164638072063,314.16470908733135,314.1647523315919,314.1647786648877,314.1647947003676,314.1648044650633,314.1648104112079,314.16481403207155,314.1648162369714,314.1648175796305,314.16481839723326,314.16481889510726,314.1648191982842,314.16481938290156,314.16481949532323,314.1648195637818,314.16481960546884,314.1648196308538,314.1648196463115,314.164819655725,314.164819661457
0.8552577233109634,0.7332375012739878,0.0,205.79039966877644,271.30345166194456,301.06339352747665,317.6723151199263,327.5404087419072,333.5049978082037,337.1280700354194,339.3322827376945,340.6740239397029,341.4909375900497,341.98835595529886,342.2912454403202,342.47568502360326,342.58799738651726,342.6563889682415,342.69803547012367,342.72339579446293,342.73883878055506,342.7482426775724,342.7539691148548,342.7574561890443,342.75957961874764,342.7608726666142,342.7616600592082,342.76213953651245,342.7624315109227,342.76260930673374,342.7627175742725,342.7627835030475,342.762823649922,342.7628480970865,342.7628629840201,342.7628720493154,342.7628775695645,342.76288093108315,342.7628829780568,342.762884224547,342.76288498358866,342.7628854458021,342.7628857272633,342.762885898658,342.76288600302667,342.7628860665826,342.7628861052837,342.76288612885025,342.76288614320157,342.7628861519409,342.76288615726156,342.76288616050203
0.1409508947553183,0.7246773908577757,0.0,180.9467678516443,239.3324197810424,266.92122334851126,282.7284429200805,292.243675079804,298.03030682708004,301.5552760400973,303.70262279281434,305.0105423673092,305.8070871990788,306.29216583166675,306.5875590446362,306.767438868677,306.87697601807537,306.9436780530758,306.984295830171,307.00902975162717,307.02409130307973,307.03326293069165,307.0388479298624,307.0422488765044,307.04431985949196,307.0455809703119,307.0463489150658,307.04681654974394,307.0471013126676,307.0472747170951,307.04738031053085,307.0474446109287,307.047483766215,307.047507609558,307.0475221287979,307.04753097018977,307.0475363540952,307.0475396325866,307.0475416290018,307.04754284470465,307.0475435849998,307.0475440357965,307.0475443103062,307.0475444774667,307.0475445792582,307.0475446412437,307.04754467898897,307.04754470197435,307.0475447159705,307.04754472449343,307.04754472968307,307.04754473284396
0.8557099191222597,0.2667873183122755,0.0,206.09052413299636,271.51936097995764,301.2029163479798,317.76518488447005,327.60540324270664,333.55325068315085,337.16622378418054,339.3643270982866,340.7023654362196,341.5170318125033,342.0130850104344,342.31514462472376,342.49907949265554,342.6110847876141,342.6792895027487,342.7208222661786,342.7461133533329,342.7615141880172,342.7708924216483,342.77660323332447,342.7800807932585,342.78219842969236,342.7834879499502,342.78427319450236,342.7847513638024,342.7850425417265,342.7852198525277,342.78532782472706,342.7853935736571,342.785433611018,342.78545799149424,342.7854728378178,342.78548187838555,342.7854873835767,342.78549073592495,342.785492777315,342.78549402040534,342.78549477737664,342.7854952383287,342.78549551902273,342.7854956899499,342.78549579403403,342.7854958574155,342.78549589601084,342.78549591951406,342.78549593382587,342.7854959425406,342.7854959478483,342.78549595107944
0.2667873183122754,0.1442900808777405,0.0,122.80955181927685,199.19355131291982,244.10205174691598,271.17532194133184,287.648800054146,297.6887040863738,303.8067817203161,307.53387545571127,309.8039455652839,311.18643430300904,312.0283344410897,312.54101660062474,312.8532147730325,313.04332691685676,313.1590947920671,313.2295909766587,313.2725191910404,313.2986600499191,313.31457835328905,313.3242716976193,313.3301743942694,313.333768801376,313.3359575911305,313.33729043972704,313.3381020687766,313.33859630473637,313.33889726634163,313.3390805348507,313.3391921349541,313.33926009307214,313.33930147570226,313.3393266753709,313.3393420205363,313.3393513648699,313.3393570550388,313.33936052002696,313.33936263000834,313.3393639148662,313.3393646972716,313.33936517371285,313.3393654638379,313.3393656405082,313.33936574809,313.33936581360103,313.33936585349363,313.339365877786,313.3393658925789,313.3393659015862,313.3393659070721
0.1893610968271361,0.1269051383270636,0.0,154.31891318986638,221.92901736354412,257.10018296443496,277.67042672263005,290.10448241653455,297.6725979882772,302.2835227090878,305.0924894774973,306.8034003136663,307.8453762670033,308.47991917111307,308.86633131888385,309.1016378398911,309.2449272060471,309.3321826234834,309.3853163240164,309.4176717654908,309.4373744038241,309.4493721956954,309.4566781709023,309.46112709526875,309.4638362376145,309.46548595142065,309.46649053339564,309.4671022667289,309.46747477756,309.46770161548125,309.4678397468802,309.4679238610494,309.4679750817961,309.4680062723203,309.4680252655743,309.4680368313865,309.46804387430933,309.46804816304797,309.46805077464666,309.46805236496147,309.4680533333731,309.4680539230807,309.4680542821784,309.46805450084946,309.4680546340068,309.4680547150924,309.46805476446906,309.46805479453667,309.4680548128455,309.4680548239954,309.46805483078447,309.4680548349187
0.1269051383270635,0.810638903172864,0.0,189.65374934857599,244.72419130091416,269.93523880812927,284.29025161594353,292.9209942614019,298.16849719584957,301.36491834736745,303.3121106702787,304.4981200807518,305.22042025008716,305.6602856262603,305.9281457930629,306.0912593301624,306.19058669258334,306.25107152442393,306.28790337027846,306.3103318719897,306.3239895528156,306.3323063026109,306.3373707296253,306.34045467735064,306.3423326259916,306.3434761898573,306.3441725551942,306.34459660207403,306.34485482250614,306.3450120640644,306.34510781523244,306.345166122248,306.3452016279058,306.3452232488317,306.34523641474635,306.34524443204,306.3452493141162,306.3452522870228,306.34525409735454,306.3452551997429,306.3452558710345,306.3452562798131,306.34525652873634,306.34525668031586,306.34525677261985,306.3452568288276,306.3452568630542,306.34525688389664,306.345256896589,306.345256904318,306.34525690902404,306.3452569118903
0.7753799889949107,0.4293891135665804,0.0,157.02172997359392,235.74772742319584,277.54027836843443,301.769928699609,316.29653073712205,325.09736330422373,330.44683279277126,333.702060086921,335.68373007546563,336.8903022482503,337.6249950578066,338.0723700102287,338.34479285928546,338.51068205352215,338.61169891820583,338.6732123873657,338.71067057834455,338.733480483753,338.74737041874386,338.75582859943825,338.7609791506551,338.7641155435552,338.7660254285338,338.76718843990943,338.76789664771843,338.76832790601054,338.76859051779127,338.76875043343466,338.76884781297053,338.768907111571,338.768943221047,338.76896520966454,338.7689785994825,338.7689867531202,338.76899171822197,338.76899474168687,338.76899658280524,338.76899770394147,338.7689983866493,338.7689988023808,338.76899905553677,338.7689992096941,338.7689993035679,338.7689993607313,338.7689993955405,338.76899941673673,338.76899942964496,338.76899943750504,338.7689994422912
0.4293891135665803,0.2246200110050891,0.0,91.45478660848416,174.69397520982434,230.90923146444786,266.1165283297381,287.7245538272942,300.9130517324821,308.9500546175739,313.84542546264396,316.8267392911798,318.6422718490598,319.74785113035836,320.421093017147,320.8310612593703,321.0807093508412,321.23273110650314,321.3253038096393,321.38167536025543,321.41600244465945,321.43690569359836,321.4496345863445,321.4573857594258,321.4621057836064,321.46498001017545,321.46673025082634,321.4677960479087,321.46844505775107,321.4688402678514,321.4690809283358,321.4692274768888,321.4693167166263,321.46937105855295,321.4694041496957,321.46942430032067,321.4694365709058,321.4694440429943,321.4694485930708,321.46945136380987,321.46945305103145,321.4694540784539,321.469454704096,321.46945508507645,321.46945531707104,321.4694554583436,321.4694555443694,321.46945559675487,321.4694556286542,321.46945564808004,321.4694556599082,321.46945566711145
0.3048340204757023,0.2318338510211739,0.0,111.58143584667917,190.51473697118516,239.15169928289225,268.8456350909928,286.96605521342957,298.0159075942052,304.7498735521319,308.85209361138067,311.3505935105255,312.8721789107498,313.79877920746884,314.3630383119867,314.7066436988122,314.9158809793399,315.0432949509099,315.1208829372442,315.1681296523816,315.1969002314029,315.2144198843049,315.22508835923776,315.2315848548924,315.2355408517927,315.2379498291561,315.2394167594804,315.24031003667454,315.24085399171173,315.2411852294067,315.2413869343333,315.24150976116573,315.24158455572444,315.24163010135806,315.24165783605883,315.2416747249151,315.2416850092682,315.24169127185456,315.24169508541377,315.24169740765484,315.24169882176665,315.2416996828811,315.24170020725063,315.24170052656166,315.24170072100407,315.2417008394082,315.2417009115098,315.24170095541564,315.2417009821515,315.24170099843224,315.24170100834687,315.24170101438403
0.7682018919782893,0.3045138349466738,0.0,153.50380093527232,232.92786500084742,275.6137114234222,300.44742261640613,315.34961074583475,324.38020024744964,329.86973077845835,333.21027402796545,335.24390346796235,336.4821185650446,337.23608125187485,337.69519098333984,337.97475988223664,338.1450007211532,338.2486675376368,338.3117946978944,338.35023554432945,338.37364383514733,338.38789815463565,338.3965782255644,338.4018638956646,338.40508256843395,338.407042557243,338.4082360790313,338.4089628659602,338.40940543788497,338.40967493902764,338.4098390499025,338.40993898409437,338.40999983833575,338.4100368951094,338.41005946057754,338.4100732016646,338.4100815692051,338.4100866645619,338.41008976734383,338.4100916567622,338.41009280731015,338.41009350792916,338.41009393456534,338.4100941943634,338.41009435256484,338.41009444890136,338.4100945075641,338.4100945432866,338.41009456503923,338.41009457828585,338.4100945863514,338.4100945912638
0.6662278188510451,0.1117252267188386,0.0,114.90886678416263,199.74649477568758,252.18523268366002,283.9975451768594,303.3086631469904,315.04900364630987,322.1927422931649,326.54134455193866,329.1889737645366,330.80111429287484,331.7827854596551,332.38055944909974,332.74456790098805,332.96622794823423,333.1012062603101,333.18340038891705,333.233451954466,333.26393052120204,333.28249024017504,333.2937920560748,333.3006742204367,333.30486506771655,333.30741705564753,333.30897107129476,333.3099173785101,333.31049362581797,333.3108445276723,333.31105820695495,333.31118832548964,333.31126756028,333.31131580976256,333.3113451909547,333.3113630824301,333.311373977321,333.31138061169037,333.31138465164423,333.3113871117462,333.3113886098083,333.3113895220431,333.3113900775427,333.31139041580997,333.3113906217949,333.31139074722864,333.31139082361085,333.3113908701232,333.3113908984464,333.3113909156939,333.3113909261957,333.3113909325914
0.6699697638450612,0.8821934459460428,0.0,115.92044941407535,200.6983710781454,252.8906953355906,284.51070803190123,303.69671047641305,315.3591587345227,322.4550163503545,326.774314919514,329.4040443986702,331.00526244814876,331.9802729389753,332.57398687978167,332.93552123021857,333.1556739242555,333.2897340099934,333.3713688451406,333.4210797690188,333.45135087645144,333.46978425229594,333.4810091270684,333.48784443631666,333.4920067504716,333.49454136290245,333.49608479766067,333.49702466163035,333.4975969853299,333.4979454979148,333.4981577222594,333.49828695481676,333.49836565009616,333.49841357104634,333.49844275218044,333.4984605218318,333.4984713425392,333.4984779317352,333.49848194417984,333.49848438753173,333.49848587539344,333.49848678141734,333.4984873331332,333.498487669097,333.4984878736801,333.49848799826026,333.49848807412167,333.498488120317,333.4984881484477,333.498488165577,333.4984881760082,333.4984881823608
0.1958825765816217,0.6219661097545066,0.0,150.95282161437345,219.678490202073,255.82981038416284,277.0215491331955,289.8365781258264,297.63699318207915,302.3893947434,305.2844981045914,307.0478491400271,308.12175142981,308.7757322956053,309.17397947321007,309.4164921296094,309.5641692961724,309.65409648914044,309.70885708464726,309.7422031842422,309.76250906453913,309.774874190973,309.782403849632,309.78698898344453,309.78978106913416,309.7914812905183,309.79251662864783,309.79314709069075,309.79353100622404,309.7937647889536,309.79390714934226,309.7939938387243,309.7940466276289,309.7940787730705,309.7940983478166,309.7941102677238,309.7941175262694,309.79412194631203,309.7941246378651,309.79412627686906,309.7941272749287,309.79412788269013,309.7941282527832,309.794128478148,309.79412861538276,309.7941286989507,309.7941287498391,309.7941287808269,309.79412879969686,309.79412881118765,309.794128818185,309.79412882244566
0.9544721180735344,0.6424994452732204,0.0,294.5994198198441,323.9119176649652,334.1042971350703,339.5593479854612,342.7747229627277,344.7145649136493,345.89228952755826,346.60868742346025,347.0447487877589,347.31023812544566,347.4718933502019,347.57032867688474,347.6302691985094,347.666769280287,347.68899566970555,347.70253025127886,347.71077203379025,347.71579080807044,347.7188469553368,347.7207079749274,347.72184122992167,347.722531317729,347.7229515419482,347.7232074345958,347.7233632586654,347.7234581466624,347.72351592805717,347.7235511136406,347.7235725396601,347.723585586888,347.7235935319089,347.7235983699737,347.7236013160799,347.72360311009203,347.7236042025427,347.72360486778376,347.72360527287725,347.7236055195565,347.7236056697695,347.72360576124134,347.72360581694153,347.72360585086057,347.72360587151513,347.7236058840924,347.7236058917522,347.7236058964154,347.7236058992557,347.72360590098555,347.7236059020384
0.6418233636484606,0.04288097992057155,0.0,108.49256230808557,193.72313664979302,247.72676861214276,280.75072982073914,300.84469946140024,313.0695875072961,320.5098334868431,325.03928428563745,327.79710564296613,329.47636315391077,330.49890908389534,331.1215747120731,331.5007411252859,331.7316316250058,331.87223079613113,331.9578477216495,332.0099835807908,332.0417313656874,332.0610639671004,332.072836424768,332.08000518333387,332.0843705502436,332.08702881072935,332.0886475403299,332.0896332546674,332.09023349867425,332.0905990131562,332.09082159069663,332.09095712776605,332.09103966213553,332.0910899208739,332.0911205255886,332.09113916212016,332.09115051070773,332.09115742135236,332.0911616295417,332.0911641920903,332.0911657525365,332.09116670275915,332.09116728139134,332.0911676337454,332.0911678483087,332.091167978966,332.0911680585281,332.09116810697736,332.09116813648006,332.0911681544456,332.0911681653859,332.0911681720476
0.04535074757744195,0.6422597387158777,0.0,253.38030443245663,279.35070534456753,288.90813484927384,294.19230699010495,297.35421948760586,299.2749818722059,300.4448125394515,301.15744449926945,301.59150467485006,301.85585743863214,302.016843608767,302.11487799927113,302.1745761951309,302.210929226384,302.2330662143663,302.2465463960292,302.25475506347254,302.2597536757617,302.262797546423,302.26465109051287,302.26577979342335,302.26646710929174,302.2668856455625,302.2671405103478,302.2672957085082,302.2673902153618,302.2674477646627,302.26748280891337,302.2675041488704,302.26751714369,302.26752505679684,302.2675298754282,302.26753280970115,302.2675345965071,302.2675356845692,302.2675363471379,302.26753675060445,302.2675369962928,302.2675371459024,302.2675372370071,302.26753729248435,302.2675373262665,302.2675373468377,302.26753735936455,302.267537366993,302.26753737163847,302.26753737446774,302.26753737618907,302.2675373772386
0.6418233636484608,0.9571190200794282,0.0,108.49028432164684,193.7268758773718,247.73316722697064,280.75680356558826,300.849421978115,313.07292634020496,320.5120728412886,325.0407390621484,327.798031645055,329.4769446651728,330.49927092659453,331.1217984456266,331.50087885304964,331.7317161449107,331.8722825494248,331.95787936154085,332.0100029024844,332.04174315550847,332.061071156949,332.07284080758484,332.08000785423826,332.08437217755676,332.0870298020583,332.0886481441633,332.08963362244236,332.0902337226611,332.0905991495659,332.0908216737686,332.0909571783548,332.0910396929426,332.09108993963497,332.0911205370129,332.09113916907717,332.09115051494405,332.091157423932,332.09116163111327,332.0911641930473,332.09116575311856,332.0911667031145,332.0911672816085,332.09116763387726,332.0911678483888,332.0911679790145,332.09116805855797,332.091168106996,332.09116813649166,332.0911681544526,332.0911681653896,332.09116817205006
0.8956080540638063,0.647320865931305,0.0,237.40535109758287,291.7174340440036,314.10064151236355,326.3548797307422,333.6066843830179,337.9857061759228,340.6449666039571,342.26268754828374,343.24739630603096,343.846926880047,344.2119796345705,344.4342684236454,344.5696275021947,344.6520528595184,344.7022450299532,344.7328091512193,344.7514209453088,344.7627544637541,344.76965593003314,344.7738585298495,344.7764176739028,344.77797604701243,344.7789250075847,344.7795028705987,344.7798547563113,344.7800690346981,344.7801995180514,344.78027897499356,344.78032735975427,344.7803568233214,344.78037476495905,344.7803856903965,344.7803923433663,344.78039639464674,344.7803988616464,344.7804003639082,344.7804012787008,344.7804018357578,344.78040217497346,344.780402381536,344.78040250732187,344.78040258391707,344.7804026305603,344.7804026589629,344.78040267625835,344.78040268679064,344.7804026932044,344.78040269710874,344.7804026994869
0.1037838225000149,0.6488711784864475,0.0,205.49720503411683,254.06411903951027,275.11247084693514,286.9841269083391,294.1097444953092,298.4407757996292,301.07882070530644,302.68586434423406,303.6647005058313,304.2608318067044,304.62386428825056,304.84493681327484,304.9795591823142,305.06153702907784,305.11145700126553,305.1418554564887,305.1603663938939,305.1716385032457,305.1785025768167,305.18268240714445,305.18522768602685,305.18677761607876,305.1877214353219,305.1882961675618,305.1886461468113,305.1888592642713,305.1889890406862,305.18906806714347,305.18911618976244,305.1891454937015,305.18916333813405,305.18917420437856,305.189180821304,305.189184850635,305.18918730426833,305.18918879839174,305.18918970822864,305.1891902622672,305.1891905996451,305.1891908050887,305.1891909301919,305.1891910063736,305.18919105276314,305.18919108101176,305.1891910982137,305.1891911086893,305.1891911150677,305.1891911189518,305.18919112131715
0.8736964547933185,0.8084696665741502,0.0,219.70140822139564,280.47211217404606,306.949436195774,321.6002042530246,330.2889395052729,335.5383220287196,338.7265542327967,340.66614020386413,341.8467814440157,342.5656056899295,343.00329622958805,343.2698156858582,343.43210820877744,343.5309343282701,343.59111356870494,343.6277592248354,343.65007431898067,343.6636629330235,343.6719376228269,343.6769764370693,343.68004478789976,343.6819132388684,343.6830510191794,343.68374386265555,343.68416576492183,343.6844226794067,343.6845791257164,343.6846743926233,343.6847324047516,343.68476773083927,343.6847892424182,343.6848023417466,343.6848103184922,343.6848151758779,343.68481813374837,343.68481993492395,343.68482103173767,343.68482169963465,343.68482210634585,343.68482235400967,343.6848225048232,343.68482259666035,343.68482265258325,343.6848226866371,343.6848227073749,343.684822720002,343.68482272769194,343.6848227323743,343.6848227352257
0.721788033515139,0.05185227842404938,0.0,133.21164227529437,216.1056544667587,263.950948075399,292.36536399826457,309.50992085894273,319.91499328124877,326.2428727965327,330.09414518287275,332.4388209600747,333.86645521339614,334.73576629851203,335.2651177071223,335.58746022293667,335.78374794415953,335.9032759092741,335.9760616412253,336.020384023487,336.04737384169425,336.0638091105589,336.07381725689515,336.079911649951,336.083622789257,336.08588266228895,336.0872587965649,336.088096784136,336.0886070709376,336.0889178065948,336.08910702694425,336.0892222513812,336.0892924165127,336.08933514308904,336.089361161144,336.08937700466015,336.08938665246103,336.0893925274233,336.0893961049408,336.08939828344603,336.08939961003097,336.08940041784786,336.0894009097607,336.0894012093079,336.08940139171546,336.0894015027914,336.08940157042963,336.08940161161763,336.0894016366992,336.0894016519726,336.08940166127303,336.0894016669363
0.04251588360431546,0.7209120150181798,0.0,256.5091194041464,280.6674709751457,289.60981326030816,294.5598809813984,297.52233091925274,299.32196468209406,300.4180230600776,301.0857131093747,301.4923985039362,301.7400789811453,301.890911849059,301.98276319478333,302.03869618418,302.07275639099976,302.0934971696469,302.1061271357198,302.1138180688846,302.1185014099108,302.12135329808723,302.1230899356703,302.1241474491271,302.1247914146507,302.1251835530179,302.12542234297916,302.1255677524834,302.1256562986025,302.1257102181535,302.12574305209455,302.12576304609684,302.12577522130766,302.12578263531816,302.12578715003,302.12578989923264,302.1257915733401,302.1257925927764,302.1257932135557,302.12579359157564,302.1257938217667,302.12579396194076,302.12579404729814,302.12579409927696,302.12579413092897,302.12579415020235,302.1257941619392,302.1257941690861,302.1257941734391,302.1257941760884,302.1257941777024,302.1257941786856
0.03116337350609538,0.7919990035932742,0.0,267.5733229966168,285.80553236404177,292.37567808286553,296.00779434850017,298.1811103363046,299.50131347520477,300.3053703591173,300.79517955359586,301.09351860783164,301.2752136069731,301.3858624641178,301.4532432810033,301.4942748979327,301.5192609574876,301.5344760804164,301.5437412320994,301.54938318354164,301.5528188109494,301.5549109124247,301.5561848831037,301.5569606587255,301.5574330619289,301.5577207285993,301.55789590123754,301.55800257141004,301.5580675274785,301.5581070820303,301.5581311685027,301.5581458357947,301.55815476734216,301.55816020614645,301.5581635180681,301.55816553484135,301.55816676294126,301.55816751078413,301.5581679661777,301.55816824348625,301.55816841235134,301.55816851518273,301.55816857779934,301.5581686159293,301.5581686391487,301.5581686532874,301.55816866189735,301.55816866714065,301.5581686703335,301.5581686722771,301.55816867346164,301.55816867418275
0.9574278785626446,0.7208974674123121,0.0,298.4851325756168,325.64333562834855,335.1478917756354,340.24322036462144,343.24735777383285,345.05985534327607,346.16027818010326,346.8296551835544,347.2370953313829,347.48515883954906,347.63620342947786,347.7281776519883,347.78418376566566,347.81828802291585,347.83905549136114,347.8517016722168,347.8594024686375,347.86409181283784,347.8669473557656,347.8686862186481,347.86974508711944,347.8703898777497,347.8707825185571,347.87102161447257,347.8711672102857,347.87125586985576,347.8713098584922,347.8713427345016,347.8713627541212,347.8713749449323,347.87138236844277,347.87138688893873,347.87138964166326,347.871391317916,347.87139233865946,347.8713929602336,347.8713933387367,347.87139356922387,347.87139370957755,347.87139379504464,347.87139384709,347.87139387878227,347.8713938980802,347.8713939098314,347.8713939169884,347.87139392134657,347.87139392400024,347.87139392561573,347.8713939265992
0.7215249802033776,0.9478650330114773,0.0,133.0975989025377,216.01378407194602,263.890245780938,292.3246714618942,309.4808005343597,319.8924982419063,326.22420360052314,330.0777099898184,332.4237033079106,333.85212089369963,334.721900621302,335.2515337308635,335.57404617325113,335.77043666257737,335.8900268974797,335.962850412273,336.00719574258073,336.0341995087482,336.0506432596967,336.0606565661303,336.0667540991968,336.07046714962996,336.07272818600916,336.07410502851263,336.07494344727263,336.0754539966094,336.07576489211937,336.0759542098039,336.07606949350895,336.07613969472993,336.076182443281,336.07620847471907,336.0762243263841,336.07623397914654,336.0762398571305,336.0762434364883,336.07624561611385,336.07624694338153,336.0762477516121,336.0762482437788,336.07624854348063,336.07624872598166,336.07624883711424,336.0762489047882,336.07624894599735,336.0762489710917,336.0762489863723,336.076248995678,336.0762490013441
0.477075023409311,0.4549963769893238,0.0,89.8115081014752,173.9372650738159,231.2849056960824,267.2755908380133,289.3667754055927,302.84737797818195,311.0610179173711,316.06349424486564,319.1098805215731,320.96499185982856,322.0946577471989,322.7825623266156,323.20145776233807,323.45654146884584,323.6118730094113,323.70646110901555,323.76405989211116,323.799134279346,323.82049258822633,323.83349858448804,323.8414184969468,323.84624127342295,323.8491780701274,323.8509664123596,323.8520554111064,323.85271854942897,323.8531223629642,323.8533682624485,323.85351800125346,323.85360918367195,323.85366470858014,323.85369852009296,323.85371910938125,323.8537316470875,323.85373928183805,323.85374393096697,323.8537467620218,323.8537484859734,323.85374953576155,323.85375017502236,323.8537505642971,323.85375080134315,323.85375094569025,323.8537510335897,323.85375108711474,323.85375111970905,323.85375113955723,323.8537511516434,323.8537511590034
0.4550378722423181,0.3733469096955808,0.0,90.03151592912056,173.7834511110408,230.7683117273311,266.5246879863221,288.47570514698396,301.8728188377195,310.03633738150415,315.0085280426294,318.03654490929983,319.8804925173395,321.0033671428143,321.68713837142434,322.10351752854933,322.35706920146094,322.51146790520096,322.60548799181083,322.66274089960007,322.697604673401,322.718834732728,322.73176263316924,322.7396349900834,322.744428808096,322.74734797081203,322.74912557497726,322.7502080348651,322.75086719140023,322.75126858025595,322.75151300324836,322.7516618429551,322.75175247787433,322.7518076693863,322.7518412778795,322.75186174354104,322.75187420596507,322.7518817948728,322.7518864160862,322.7518892301426,322.7518909437426,322.7518919872279,322.7518926226508,322.7518930095878,322.75189324521,322.7518933886904,322.75189347606187,322.7518935292664,322.75189356166453,322.7518935813933,322.7518935934075,322.75189360072255
0.7528350293115523,0.6967210189065375,0.0,146.24634648756665,227.0593244926984,271.5895803597798,297.67738724343457,313.3600890557631,322.8680695939819,328.6485090552135,332.16618940128257,334.3076671494574,335.6115459927371,336.40548969686444,336.88894362452453,337.18333589526526,337.36260295033406,337.4717660559276,337.5382400724326,337.5787189328537,337.6033682446771,337.6183782694287,337.6275185192818,337.6330844110382,337.6364737223632,337.6385376201302,337.6397944164699,337.6405597339605,337.64102576878884,337.6413095574972,337.64148236868397,337.64158760086974,337.64165168128744,337.6416907026181,337.6417144643896,337.64172893395823,337.64173774510243,337.6417431105885,337.64174637786397,337.6417483674488,337.64174957899286,337.6417503167548,337.6417507660097,337.64175103958013,337.6417512061693,337.6417513076126,337.64175136938616,337.64175140700235,337.64175142990797,337.64175144385644,337.6417514523509,337.6417514575225
0.4180627504788027,0.5604737089157543,0.0,92.43627723684304,175.4215301727307,231.19363386514644,266.07667996676366,287.4796178276297,300.5424602233906,308.50292391032275,313.35169633469275,316.3046331889802,318.10288210554256,319.19793388606536,319.8647635643192,320.2708263473542,320.5180958600998,320.6686690230497,320.7603595371,320.8161938496382,320.85019377103146,320.870897789424,320.8835053590681,320.891182651946,320.89585768670065,320.8987045170098,320.9004380747846,320.90149371289436,320.9021365364788,320.9025279794902,320.90276634602725,320.90291149769473,320.90299988680715,320.90305371075146,320.90308648647306,320.90310644502347,320.90311859864613,320.9031259995115,320.90313050621796,320.90313325054547,320.9031349216856,320.9031359393139,320.9031365589921,320.9031369363414,320.9031371661254,320.9031373060505,320.9031373912574,320.9031374431426,320.9031374747381,320.9031374939787,320.90313750569425,320.9031375128291
0.1559592560236732,0.5389459041342681,0.0,172.05534129591112,233.70392779611487,263.7631301709557,281.09511865399213,291.54119571974445,297.89552416819134,301.7665035899625,304.12465529835,305.56097639409336,306.4357210596512,306.968422402604,307.29281630832224,307.4903563192893,307.6106476718295,307.6838984644116,307.72850408629796,307.7556663882814,307.77220668951776,307.78227879342114,307.7884121322083,307.79214698682586,307.79442130092775,307.7958062288971,307.7966495712818,307.7971631188423,307.7974758401065,307.79766626957473,307.79778223029473,307.79785284377886,307.79789584337595,307.7979220276854,307.7979379724415,307.7979476818915,307.79795359439373,307.79795719477255,307.7979593871976,307.79796072226065,307.79796153523705,307.7979620302939,307.7979623317557,307.7979625153283,307.79796262711403,307.7979626951856,307.79796273663607,307.79796276187705,307.7979627772484,307.79796278660865,307.7979627923077,307.79796279577835
0.8106239944014075,0.8717495076906601,0.0,176.5286193382007,250.5955715301038,287.5007631859203,308.54810958899856,321.11552908247097,328.72115518015676,333.3426393122016,336.1545645270879,337.86629082058204,338.908481520226,339.5430739243567,339.9294924709879,340.16479581987636,340.30808109461486,340.39533333779025,340.44846488027025,340.48081892980275,340.5005206922844,340.5125179400839,340.51982357974435,340.5242722980546,340.5269813142055,340.5286309508614,340.52963548572416,340.5302471903139,340.5306196836155,340.5308465108529,340.53098463574133,340.53106874594323,340.53111996427396,340.53115115332497,340.5311701456841,340.5311817109505,340.53118875353994,340.5311930420773,340.5311956535515,340.5311972437917,340.53119821215677,340.53119880183635,340.5311991609177,340.53119937957837,340.53119951272964,340.53119959381155,340.5311996431861,340.5311996732521,340.5311996915603,340.53119970270967,340.5311997094981,340.5311997136317
0.6174371299001346,0.4401625679207681,0.0,103.13285580675557,188.52539977830503,243.79151669550737,277.82468777224506,298.57660459413387,311.2098645649859,318.9002102811141,323.5822326454565,326.4330149710501,328.16888977958956,329.22591325876425,329.86957330661846,330.2615237186932,330.50019871008317,330.6455380744541,330.73404145135567,330.7879349691624,330.82075305646674,330.8407374059324,330.85290673877574,330.8603171707301,330.86482970253945,330.86757757788286,330.86925087774966,330.8702698222376,330.87089030150094,330.8712681380947,330.8714982190984,330.87163832534816,330.8717236420882,330.8717755951325,330.8718072315826,330.87182649638135,330.8718382275489,330.87184537116286,330.8718497212175,330.87185237015325,330.87185398320577,330.87185496546067,330.87185556359975,330.8718559278321,330.87185614962897,330.8718562846903,330.87185636693533,330.8718564170177,330.87185644751526,330.8718564660862,330.8718564773949,330.8718564842821
0.5400745114385972,0.6245374881663228,0.0,92.35331825399099,177.3492276164736,234.78717826082882,270.6927239770387,292.6936497099533,306.1089789435026,314.2800617632639,319.2558415917539,322.2857493870788,324.1307620569382,325.2542594233496,325.9384019405086,326.35500467185744,326.6086916528917,326.7631724607034,326.8572424377606,326.91452568539205,326.9494079183179,326.9706492116132,326.98358395014714,326.9914604699007,326.9962568223447,326.9991775281672,327.00095607190275,327.0020391038954,327.00269860879126,327.00310020977145,327.00334476193257,327.003493680293,327.0035843631076,327.00363958378534,327.0036732100383,327.00369368651445,327.0037061555246,327.0037137484418,327.00371837209786,327.00372118764085,327.0037229021465,327.00372394618284,327.00372458194175,327.0037249690826,327.0037252048297,327.0037253483859,327.00372543580403,327.00372548903647,327.0037255214521,327.0037255411908,327.00372555321064,327.00372556053037
0.2759402897779402,0.597723278615256,0.0,119.81685523880688,196.93322335976345,242.81403849238941,270.55792283802975,287.4505101758914,297.7469216333588,304.02127739624353,307.84350217770333,310.17147787680625,311.5892163055205,312.4525763657353,312.9783241548779,313.298477576825,313.4934335902034,313.61215092111274,313.6844430755141,313.72846489797007,313.75527168648574,313.77159549635587,313.78153576811764,313.78758882823274,313.79127479756966,313.7935193432682,313.7948861439539,313.7957184478473,313.79622527359106,313.79653390164947,313.7967218385892,313.7968362814984,313.79690597072386,313.7969484074994,313.7969742490832,313.79698998513794,313.7969995675005,313.79700540261445,313.79700895586683,313.7970111195958,313.79701243718375,313.7970132395202,313.7970137280971,313.7970140256133,313.7970142067828,313.79701431710555,313.7970143842849,313.7970144251937,313.7970144501052,313.7970144652745,313.797014474512,313.79701448013714
0.5793927436365883,0.7719232732795305,0.0,96.73742304115297,182.06409467106917,238.7233257234536,273.9203780598603,295.4411345322776,308.55386755105894,316.53840175118575,321.4000282262841,324.36027765164755,326.1628320101096,327.26046296530166,327.9288507566763,328.3358586297971,328.58370251326994,328.7346250759562,328.82652823594714,328.88249199670975,328.9165707297908,328.937322734344,328.94995952258756,328.95765460701574,328.962340475432,328.9651939026638,328.96693147751967,328.96798956177344,328.96863387490697,328.96902622496464,328.9692651438379,328.96941063184585,328.96949922577056,328.9695531744326,328.9695860261004,328.96960603089803,328.96961821268343,328.9696256306966,328.96963014784615,328.96963289853267,328.969634573544,328.9696355935314,328.96963621464545,328.96963659286877,328.969636823185,328.9696369634343,328.96963704883916,328.9696371008448,328.9696371325135,328.96963715179794,328.96963716354173,328.9696371706923
0.5944425065011114,0.5630543883741679,0.0,98.93691107035811,184.33595335957563,240.54125852961477,275.3489345892045,296.61056834624446,309.5612982450495,317.4463473770542,322.24722166663594,325.1704415768003,326.9504408835634,328.03433661137603,328.6943607937031,329.0962760177887,329.3410189469944,329.49005329513415,329.58080668263403,329.63607031698865,329.66972272176434,329.690215120578,329.70269382543904,329.71029264685154,329.7149198969041,329.7177376290353,329.7194534676689,329.72049831582945,329.7211345689473,329.7215220109187,329.72175794104896,329.721901609083,329.7219890947479,329.72204236854355,329.7220748092555,329.72209456380506,329.72210659320257,329.72211391842154,329.7221183790636,329.7221210953409,329.72212274939943,329.7221237566267,329.7221243699708,329.72212474346304,329.72212497089805,329.72212510939323,329.7221251937289,329.7221252450844,329.7221252763577,329.72212529540053,329.722125306997,329.72212531405864
0.7042219414157597,0.7583393397791212,0.0,126.82666939240163,210.52973434072,259.99269607561166,289.57830885979644,307.4644665057894,318.32535593943317,324.93138554495613,328.95208934317486,331.39992881984494,332.89037315805166,333.7979260675063,334.35056169377305,334.687081647091,334.89200202339936,335.01678651805935,335.09277305962866,335.1390445009264,335.1672211623788,335.1843791412468,335.1948273724711,335.20118975026696,335.2050640761946,335.2074233202298,335.20885996563266,335.20973480096853,335.21026752593315,335.21059192514156,335.2107894658116,335.2109097568475,335.2109830072478,335.2110276125772,335.21105477468654,335.21107131486696,335.2110813868962,335.211087520189,335.2110912550158,335.2110935293126,335.2110949142304,335.21109575756645,335.21109627110985,335.21109658382966,335.21109677425716,335.2110968902175,335.21109696082976,335.2110970038296,335.2110970300139,335.21109704595773,335.2110970556675,335.21109706158006
0.1255851472331092,0.1903718540944281,0.0,190.77628950668316,245.3291690382417,270.26064008634495,284.4595854919596,292.9977019906989,298.18922882962636,301.35166773628913,303.27820344347606,304.4516498902734,305.1663070728849,305.60152155594966,305.8665510600019,306.02794154022297,306.12621995021647,306.18606615840594,306.22250917549763,306.24470092754615,306.2582144522445,306.26644342396173,306.27145440122445,306.2745058020152,306.2763639318286,306.27749542733244,306.2781844438011,306.27860401567244,306.27885951109363,306.2790150932812,306.27910983398914,306.2791675256946,306.27920265666336,306.2792240494259,306.2792370764018,306.279245009089,306.2792498396449,306.27925278117914,306.2792545724066,306.2792556631616,306.2792563273693,306.2792567318341,306.2792569781305,306.27925712811043,306.2792572194399,306.27925727505425,306.2792573089205,306.27925732954304,306.2792573421013,306.2792573497485,306.2792573544052,306.2792573572404
0.809233924415091,0.1256761455547795,0.0,175.69095393980956,249.9908593308217,287.0978210377766,308.27387705347235,320.9207609356032,328.5751194760833,333.2264191659674,336.0565626241686,337.7794108239091,338.8283866990511,339.467116484777,339.8560569391568,340.0928970792839,340.2371186533095,340.3249412607145,340.37842021525825,340.4109858596294,340.4308164891545,340.4428922174655,340.45024565071725,340.4547234741077,340.4574502142528,340.45911064410217,340.4601217515326,340.4607374584967,340.4611123890421,340.4613407004316,340.46147972908904,340.46156438963783,340.4616159430988,340.4616473362249,340.46166645285433,340.4616780937951,340.46168518246554,340.4616894990639,340.4616921276264,340.46169372827063,340.4616947029732,340.4616952965111,340.4616956579417,340.4616958780324,340.4616960120558,340.461696093668,340.4616961433653,340.4616961736283,340.4616961920565,340.4616962032777,340.4616962101114,340.46169621427276
0.1892386645542489,0.8752763286130226,0.0,154.33456220575002,221.95672212653196,257.12093909480205,277.68271568548033,290.11032304492596,297.67406125560495,302.2821459217201,305.08931132489226,306.7990946007341,307.84037068719005,308.4744816425931,308.860628237092,309.0957719480262,309.2389616890088,309.3261562287724,309.37925276556416,309.4115855358216,309.4312743508809,309.44326371736923,309.45056455858156,309.45501035514206,309.45771759217575,309.4593661454679,309.46037002063025,309.4609813235004,309.4613535721791,309.46158025045395,309.4617182846321,309.4618023395982,309.46185352429296,309.46188469286125,309.4619036727473,309.46191523041927,309.4619222683837,309.46192655410425,309.4619291638639,309.46193075305956,309.4619317207891,309.4619323100813,309.4619326689274,309.4619328874436,309.4619330205079,309.4619331015362,309.4619331508781,309.4619331809244,309.4619331992211,309.4619332103621,309.4619332171463,309.4619332212784
0.7078342901062376,0.2421398304753665,0.0,128.04962464730474,211.6185828868254,260.7719800347437,290.1299589899951,307.87166974353215,318.64388187262557,325.19589192046595,329.18374062539635,331.6115991267606,333.08988914727803,333.9900467804545,334.538181813681,334.8719623673495,335.0752151379527,335.1989843902864,335.2743528101815,335.32024789581806,335.348195397941,335.36521384051827,335.37557710589516,335.381887745993,335.385730567338,335.3880706271945,335.38949559066543,335.39036331242914,335.3908917056597,335.3912134671007,335.391409401526,335.3915287144521,335.3916013692403,335.39164561187584,335.39167255312566,335.3916889588151,335.39169894894655,335.39170503236886,335.3917087368277,335.39171099263166,335.3917123662887,335.39171320276745,335.39171371213575,335.391714022312,335.3917142111916,335.39171432620844,335.3917143962477,335.39171443889654,335.39171446486745,335.39171448068277,335.3917144903139,335.3917144961779
0.2931834266234098,0.7597717673981625,0.0,114.75827333032993,192.99834267616637,240.56508878988873,269.4983652041871,287.13889322874815,297.89395136411076,304.4479639035373,308.4405025023854,310.87217994780076,312.3530608481034,313.25486845163573,313.80402752680845,314.13843664770036,314.34207338731915,314.4660767095172,314.54158769905916,314.5875695949037,314.61556995052257,314.63262057222454,314.64300342990225,314.649325999168,314.6531760840328,314.65552056665825,314.656948223209,314.6578175848448,314.65834697663837,314.65866934613456,314.6588656508264,314.65898518922165,314.65905798130694,314.65910230754787,314.65912929970807,314.6591457363992,314.65915574540935,314.6591618403275,314.659165551786,314.65916781185337,314.6591691881055,314.6591700261655,314.6591705364956,314.6591708472576,314.6591710364947,314.65917115172897,314.6591712219005,314.65917126463023,314.6591712906506,314.6591713064958,314.6591713161441,314.65917132201974
0.2444565777656839,0.2931334391383037,0.0,130.49009838187132,204.982714411921,247.4209272771602,272.79294950930887,288.20207700263614,297.589720487746,303.30999578351054,306.7947551497604,308.91724032500844,310.209854136781,310.997024186476,311.4763782746713,311.76828130101944,311.9460347453174,312.0542768264181,312.1201902086541,312.16032774740546,312.18476923928273,312.1996527229182,312.2087159200529,312.214234892533,312.21759563328186,312.21964213344125,312.2208883357336,312.22164720209764,312.222109308576,312.222390705152,312.22256205966846,312.2226664048275,312.2227299450975,312.2227686375091,312.22279219898735,312.2228065465884,312.22281528346156,312.2228206037204,312.2228238434557,312.22282581626996,312.222827017602,312.2228277491449,312.22282819461276,312.2228284658778,312.2228286310624,312.22282873165045,312.22282879290344,312.22282883020245,312.2228288529156,312.22282886674634,312.22282887516855,312.2228288802977
0.1077021971235543,0.8511979066286651,0.0,202.95260471220624,252.51068953788004,274.2465445753812,286.5339836703533,293.9121710018208,298.39702466410967,301.1287771363658,302.79289716135065,303.8064929233218,304.42379124470784,304.7997130716131,305.0286342991656,305.1680359747432,305.2529240919746,305.3046162266697,305.33609381569715,305.3552618786066,305.36693413750686,305.37404187828344,305.378370087589,305.3810057206164,305.3826106711081,305.3835879946281,305.38418312905037,305.38454553206043,305.3847662148811,305.38490059816905,305.38498242994905,305.38503226085,305.3850626050347,305.3850810829184,305.38509233489816,305.3850991867142,305.3851033590812,305.385105899815,305.38510744697766,305.38510838911185,305.3851089628177,305.3851093121723,305.3851095249089,305.38510965445363,305.3851097333388,305.3851097813757,305.3851098106271,305.38510982844065,305.3851098392869,305.38510984589203,305.3851098499143,305.385109852363
0.8529621448422504,0.8916436300144406,0.0,203.98644603019193,270.12612211377206,300.31206074143955,317.1727403222704,327.1919787882967,333.2481099247024,336.9268037619053,339.1648533402646,340.5271891251627,341.3566403629502,341.861692226663,342.16922963790006,342.35649937201947,342.470535066365,342.53997603011965,342.58226153382117,342.6080109687329,342.6236908987968,342.63323908024773,342.6390533781219,342.64259395423386,342.64474996348355,342.64606285040696,342.6468623238427,342.6473491576871,342.6476456118076,342.6478261355071,342.64793606417453,342.6480030044819,342.64804376732206,342.6480685895744,342.64808370491477,342.64809290929696,342.6480985142424,342.64810192733603,342.64810400571554,342.6481052713305,342.64810604201887,342.6481065113235,342.6481067971037,342.64810697112716,342.64810707709773,342.64810714162786,342.6481071809228,342.6481072048513,342.64810721942234,342.64810722829543,342.6481072336995,342.6481072369887
0.4458922050919191,0.6834842619234138,0.0,90.68841888823921,174.25405088696985,230.92113595305153,266.44497230926635,288.2489166076751,301.5559285553769,309.6645607050053,314.60332967017257,317.61098961988273,319.44253606876833,320.5578559626439,321.2370251203817,321.6506010592606,321.90244534772603,322.05580417604074,322.1491909587793,322.2060581853956,322.24068708574396,322.26177411363597,322.2746149130478,322.28243422906223,322.28719574760197,322.2900952415197,322.29186086839354,322.2929360347429,322.2935907499067,322.29398943421,322.2942322102801,322.2943800471021,322.2944700713209,322.29452489095115,322.29455827298915,322.29457860075246,322.29459097920414,322.294598516978,322.2946031070535,322.2946059021481,322.29460760420176,322.29460864065595,322.2946092717971,322.2946096561267,322.2946098901613,322.29461003267556,322.2946101194583,322.29461017230426,322.29461020448406,322.2946102240804,322.29461023601266,322.2946102432792
0.03756011439135293,0.5223206329219248,0.0,261.1638791845948,282.88756083662565,290.80969731378974,295.18782950959854,297.80741095632715,299.3987179876382,300.3679002123759,300.95830489983405,301.317918410778,301.53693198321326,301.6703076288133,301.75152837632635,301.8009879236511,301.83110618154507,301.8494465456382,301.86061480050836,301.8674156370869,301.87155696106004,301.8740787922002,301.8756144440576,301.8765495687411,301.877119006508,301.87746576173174,301.87767691594644,301.8778054968581,301.8778837953221,301.8779314746344,301.8779605086245,301.8779781886737,301.87798895481905,301.87799551078933,301.87799950300246,301.8780019340326,301.87800341439237,301.8780043158475,301.87800486478153,301.878005199052,301.87800540260224,301.8780055265537,301.8780056020338,301.8780056479959,301.8780056759845,301.8780056930286,301.8780057034067,301.8780057097269,301.8780057135757,301.87800571591805,301.87800571734584,301.87800571821464
0.6007820277006695,0.03544514232856488,0.0,100.14494944259451,185.53379254904007,241.4638047558574,276.04683396572784,297.16144452778445,310.0209439806417,317.85018990422697,322.6170658474068,325.5195934389562,327.28700104081867,328.36323393249035,329.018594231596,329.4176705105826,329.6606851811544,329.8086673409871,329.8987801046873,329.9536536793562,329.9870685792516,330.00741635957877,330.01980700372957,330.02735220280965,330.03194680062745,330.03474464971754,330.03644838084824,330.0374858562876,330.0381176198637,330.03850232797157,330.03873659333965,330.0388792476306,330.0389661159841,330.03901901387223,330.0390512256789,330.03907084083755,330.0390827853543,330.03909005888556,330.0390944880527,330.0390971851636,330.0390988275511,330.03909982767124,330.03910043668765,330.0391008075442,330.03910103337506,330.0391011708924,330.03910125463307,330.0391013056264,330.0391013366784,330.0391013555875,330.0391013671015,330.03910137411276
0.9640254772702562,0.6009172440256213,0.0,305.98627763547387,329.38809688124434,337.44012181229533,341.75031249537705,344.29091990673766,345.8236796898736,346.7542572559491,347.3203190891741,347.66487341480996,347.87465026229324,348.0023824887681,348.08016140973007,348.12752357851764,348.1563642254811,348.1739264752858,348.1846208676912,348.1911331387333,348.1950987396598,348.197513564532,348.19898405536316,348.19987950059226,348.20042477579506,348.20075681737814,348.20095901181844,348.20108213673416,348.20115711280636,348.2012027689711,348.2012305709798,348.2012475008217,348.2012578101329,348.20126408791805,348.201267910731,348.2012702386073,348.2012716561519,348.2012725193561,348.20127304499766,348.201273365084,348.2012735599985,348.20127367868946,348.2012737509668,348.2012737949788,348.2012738217794,348.2012738381001,348.20127384803845,348.20127385409035,348.2012738577752,348.2012738600187,348.20127386138563,348.2012738622177
0.03574937250716059,0.5999529336011646,0.0,263.07081032817564,283.7274152771634,291.2580601017862,295.4227314029819,297.9148685006255,299.4287782481994,300.35082067124546,300.9125071842839,301.25462772635296,301.46298728145126,301.58987465026206,301.6671442144347,301.7141976513789,301.7428507023539,301.76029883051325,301.7709237612908,301.77739374314206,301.78133359488913,301.7837327406873,301.785193684056,301.78608331547946,301.78662505042075,301.7869549361913,301.7871558178651,301.7872781433814,301.7873526326652,301.7873979924031,301.78742561390476,301.78744243382863,301.78745267620553,301.7874589132311,301.787462711224,301.7874650239867,301.78746643232745,301.78746728992735,301.78746781215625,301.78746813016386,301.78746832381336,301.7874684417337,301.78746851354146,301.7874685572678,301.78746858389513,301.78746860010915,301.78746860998217,301.78746861599524,301.7874686196569,301.78746862188575,301.7874686232431,301.78746862406996
0.6007820277006697,0.964554857671435,0.0,100.14564432665794,185.54031073302176,241.47220402894322,276.0542590301129,297.1670510674681,310.0248484222526,317.8527855999157,322.6187427866211,325.52065697090086,327.28766727744664,328.36364779466163,329.01884982847986,329.4178277228691,329.66078160173373,329.8087263567516,329.8988161738601,329.9536757012313,329.9870820146426,330.0074245520615,330.0198119973459,330.0273552457678,330.0319486545473,330.034745779058,330.03644906873154,330.03748627524845,330.0381178750214,330.0385024833626,330.0387366879707,330.03887930525883,330.03896615107726,330.0390190352427,330.0390512386924,330.03907084876204,330.0390827901798,330.03909006182414,330.03909448984155,330.0390971862533,330.03909882821426,330.0390998280754,330.0391004369343,330.03910080769384,330.03910103346595,330.03910117094784,330.0391012546668,330.0391013056471,330.03910133669075,330.0391013555948,330.0391013671063,330.03910137411583
0.2602471178880047,0.5084319918824336,0.0,124.94290247407314,200.82947220201177,245.04301197105596,271.6315706327419,287.80061271566365,297.65365157065406,303.65766262311206,307.31522857048907,309.54293797442057,310.8996226745216,311.72580587800536,312.2289156812234,312.5352841126882,312.7218459587126,312.8354517650076,312.90463131131816,312.9467577409684,312.97241034674335,312.98803132656417,312.99754361549157,313.00333605870327,313.0068633272995,313.00901123332864,313.0103191859773,313.01111565477214,313.0116006589833,313.01189599897225,313.01207584423304,313.0121853597712,313.0122520485071,313.0122926581561,313.0123173871225,313.0123324456573,313.012341615449,313.01234719933086,313.012350599597,313.01235267016614,313.01235393102456,313.01235469881595,313.01235516635717,313.012355451063,313.0123556244336,313.01235573000577,313.0123557942931,313.01235583344123,313.0123558572795,313.01235587179576,313.0123558806349,313.01235588601844
0.3002449526961022,0.5393997445871422,0.0,112.77753415141372,191.46095311105427,239.69041330695487,269.09219978284983,287.02786108159466,297.96410988915574,304.62869072477463,308.6886050846453,311.16132378103936,312.6672016784956,313.5842333484322,314.14266406898105,314.48271957238296,314.6897948522323,314.8158921453382,314.89267828634945,314.93943669557035,314.9679099118843,314.98524848246694,314.99580668622144,315.00223603197173,315.0061511379479,315.00853521486744,315.00998698214914,315.0108710258765,315.01140935823895,315.0117371720393,315.01193679200435,315.01205834921296,315.0121323706409,315.01217744548245,315.01220489349805,315.01222160777917,315.01223178582563,315.01223798367744,315.01224175781675,315.0122440560532,315.0122454555479,315.01224630776153,315.012246826711,315.0122471427211,315.0122473351529,315.0122474523342,315.0122475236905,315.01224756714237,315.0122475936022,315.0122476097149,315.01224761952636,315.01224762550066
0.4271114128636767,0.7828255239065904,0.0,91.72479169557049,174.91022107834755,231.01651131604166,266.14145843695,287.69627536343535,300.8516755706991,308.86830391860786,313.751179314301,316.7248450313502,318.53570272773896,319.6384273858775,320.3099274473606,320.7188334552704,320.9678340167799,321.1194611598055,321.2117934327839,321.26801851649134,321.30225638516356,321.3231052955192,321.33580109421547,321.34353211273503,321.34823986298505,321.3511066150121,321.35285230391037,321.3539153291539,321.3545626510692,321.354956833303,321.3551968678679,321.3553430352688,321.3554320429046,321.35548624349326,321.3555192485703,321.3555393467851,321.35555158545606,321.35555903811087,321.35556357635295,321.35556633988534,321.3555680227188,321.3555690474683,321.35556967148364,321.3555700514731,321.3555702828647,321.35557042376894,321.3555705095721,321.3555705618205,321.35557059363725,321.35557061301233,321.35557062481064,321.35557063199457
0.40026260252027,0.3501126157183336,0.0,94.04168965080117,176.60802194372073,231.66359375544513,266.02576124985336,287.1006541075072,299.96315197368875,307.80187767205996,312.5766668481117,315.4846092983534,317.2554794139453,318.33386617487497,318.9905503692255,319.39043608975834,319.6339444961057,319.78222750923646,319.87252351421415,319.9275086760808,319.9609915241135,319.981380679012,319.99379651676213,320.0013570567203,320.0059609959772,320.00876453334246,320.01047172825105,320.0115113129069,320.012144360865,320.0125298510819,320.0127645927085,320.01290753701323,320.0129945819677,320.0130475873959,320.0130798646873,320.0130995197235,320.0131114885226,320.01311877684117,320.01312321501274,320.0131259176063,320.0131275633329,320.0131285654861,320.0131291757406,320.01312954735096,320.01312977364074,320.01312991143817,320.01312999534866,320.01313004644584,320.01313007756073,320.01313009650863,320.0131301080461,320.013130115072
0.9582335439443367,0.830822217925637,0.0,299.4280090937892,326.10482336122004,335.428058517386,340.427251908548,343.37478765854644,345.15313361615034,346.23281803088616,346.8895780459023,347.28933752484875,347.5327243932815,347.6809212347847,347.7711613313198,347.82611144760705,347.8595726541486,347.87994853692754,347.89235626227736,347.8999118518803,347.90451277294443,347.9073144710095,347.9090205453463,347.9100594474175,347.9106920796292,347.911077316642,347.91131190406577,347.9114547544619,347.91154174222794,347.91159471283163,347.9116269689159,347.9116466110369,347.911658571972,347.9116658555021,347.911670290757,347.9116729915749,347.9116746362199,347.911675637715,347.91167624756883,347.9116766189339,347.91167684507553,347.9116769827817,347.9116770666372,347.91167711770163,347.9116771487965,347.9116771677314,347.91167717926106,347.9116771862827,347.9116771905584,347.91167719316223,347.911677194747,347.91167719571223
0.1708654676223858,0.9673206909207798,0.0,163.7774417156819,228.28899974921634,260.7075016839275,279.519738062907,290.87206836743184,297.7792175260945,301.9870701090973,304.55041535857504,306.111699301567,307.06254051869666,307.6415798063692,307.99419034482764,308.2089123563918,308.3396664035932,308.41928830233593,308.4677735286252,308.49729827234614,308.51527715878126,308.52622527594866,308.53289205553574,308.53695174462325,308.53942386416304,308.54092924427266,308.54184593510746,308.54240414767946,308.5427440673861,308.5429510591547,308.5430771053705,308.5431538603484,308.54320059976567,308.54322906141294,308.54324639293765,308.54325694685093,308.5432633735836,308.543267287099,308.5432696702069,308.5432711213846,308.54327200506884,308.54327254318275,308.543272870863,308.5432730704018,308.5432731919098,308.5432732659012,308.5432733109578,308.5432733383948,308.54327335510203,308.54327336527564,308.54327337147123,308.54327337524376
0.830841781780309,0.04175123551336801,0.0,189.0053608857054,259.66868051666023,293.4924024343993,312.59375846418,323.97317508367564,330.8560118517479,335.0377294818515,337.5820068229327,339.1308043126436,340.073800636061,340.6479970050592,340.99764086116653,341.21055176544104,341.340201837007,341.4191512383181,341.4672269172107,341.49650227433375,341.514329306007,341.5251849570975,341.5317954326585,341.5358208370384,341.5382720797202,341.5397647472731,341.54067369700243,341.5412271957337,341.54156424500127,341.5417694888482,341.54189447068205,341.54197057751435,341.5420169222479,341.5420451435563,341.54206232872804,341.5420727935211,341.5420791659855,341.542083046453,341.54208540943773,341.54208684836027,341.5420877245828,341.5420882581525,341.5420885830664,341.5420887809202,341.5420889014023,341.542088974769,341.5420890194449,341.54208904664944,341.542089063216,341.54208907330434,341.54208907944746,341.54208908318856
0.3048422100025728,0.8976539606493261,0.0,111.69124240528353,190.59356990974297,239.20293396311538,268.878743076831,286.98724496075556,298.02936214927155,304.7583971074388,308.8575178377264,311.3540886463554,312.87448127334085,313.800347400027,314.36415602496584,314.70748560702305,314.9165542878738,315.04386530744534,315.12139047741414,315.168598886473,315.19734611541116,315.2148515389907,315.2255113444986,315.2320025589607,315.23595533903705,315.23836235715356,315.23982809423796,315.2407206447442,315.24126415723595,315.2415951254333,315.24179666624394,315.2419193931368,315.24199412683606,315.24203963540975,315.24206734754347,315.24208422265735,315.24209449864185,315.24210075613246,315.2421045665879,315.24210688693915,315.2421082999011,315.24210916031467,315.24210968425706,315.24211000330877,315.24211019759287,315.24211031590096,315.24211038794357,315.2421104318138,315.24211045852763,315.2421104747959,315.2421104847013,315.24211049073335
0.1213930937094915,0.3388723775943567,0.0,193.3035600727134,246.92647738369732,271.1565391839458,284.92402451926034,293.19894368638995,298.2299582257212,301.2945559316627,303.1614771214358,304.2986099249379,304.99115014000955,305.4128952313218,305.66972212235515,305.82611747905,305.9213540640233,305.97934794151314,306.0146629810642,306.036167853209,306.04926310464765,306.05723737067126,306.0620932461889,306.06505019863533,306.06685081468913,306.0679472875446,306.068614977195,306.06902156223975,306.0692691494183,306.069419915935,306.06951172417274,306.06956763016973,306.0696016737426,306.0696224043438,306.06963502810135,306.0696427152516,306.06964739628893,306.0696502467745,306.0696519825585,306.0696530395526,306.0696536832012,306.069654075147,306.0696543138196,306.06965445915796,306.06965454765975,306.06965460155305,306.069654634371,306.06965465435513,306.06965466652395,306.06965467393496,306.06965467844714,306.06965468119455
0.9600951751128517,0.3607363530695592,0.0,301.1335036569398,327.1437736140103,336.07249254178305,340.8513522343133,343.6685022723857,345.3681730264752,346.4001065121332,347.02782926381326,347.40991859545517,347.6425492767376,347.7841976219061,347.87045059420996,347.92297299265726,347.9549559449936,347.97443169189796,347.9862913013814,347.993513126338,347.9979108066315,348.00058874389373,348.0022194554902,348.0032124661803,348.00381715325545,348.00418537331535,348.00440959840165,348.00454613873313,348.00462928403357,348.004679914794,348.00471074604894,348.0047295205299,348.00474095312103,348.0047479149202,348.00475215425894,348.0047547357747,348.0047563077721,348.00475726502947,348.00475784794355,348.00475820290586,348.0047584190571,348.0047585506813,348.0047586308328,348.00475867964127,348.00475870936236,348.0047587274606,348.004758738482,348.00475874519316,348.0047587492787,348.0047587517679,348.00475875328306,348.00475875420676
0.3607363530695592,0.03990482488714842,0.0,99.64242244113849,181.0286676563298,233.89870998065334,266.6571881902138,286.7162400845184,298.95597815420075,306.4154306899897,310.95943041806316,313.72691219376065,315.4122772857452,316.43860558078234,317.0635922144308,317.44417698055116,317.6759325803594,317.81705894310335,317.902997009454,317.95532845639093,317.9871953519539,318.00660048748057,318.01841711500333,318.02561277069964,318.02999451649004,318.0326627507996,318.0342875538967,318.03527696665014,318.03587946278196,318.0362463486797,318.0364697613348,318.0366058069411,318.03668865098115,318.03673909829183,318.036769817835,318.036788524291,318.0367999154592,318.03680685203267,318.0368110760114,318.03681364817385,318.0368152144754,318.03681616826384,318.0368167490666,318.03681710274236,318.03681731811116,318.0368174492582,318.03681752911956,318.03681757775075,318.0368176073633,318.0368176253967,318.03681763637746,318.03681764306464
0.04006448143861335,0.3607194270861248,0.0,258.5386555649399,281.76390922373366,290.2044807838611,294.8709035165329,297.6634991916605,299.3599915144323,300.39325365529106,301.0226992798712,301.40609430062904,301.6395921645705,301.78178883744033,301.8683814057583,301.9211121998893,301.9532225034049,301.97277592645474,301.9846828718655,301.9919335317098,301.99634877362257,301.9990374057049,302.0006746300609,302.00167160671356,302.00227870885215,302.00264839955395,302.00287352017864,302.00301060584167,302.0030940832177,302.00314491619446,302.0031758705866,302.0031947200521,302.0032061983043,302.0032131879085,302.0032174441795,302.00322003600616,302.0032216142818,302.00322257536135,302.0032231606051,302.00322351698446,302.00322373399956,302.0032238661489,302.0032239466211,302.0032239956227,302.0032240254631,302.0032240436343,302.0032240547,302.0032240614371,302.0032240655396,302.0032240680393,302.00322406955985,302.0032240704865
0.3608415748682612,0.960008741764442,0.0,99.63590899464694,181.03054626678235,233.90626063255098,266.66624520194654,286.7249263673292,298.96381641069314,306.4224754912355,310.96587112432286,313.73293238952857,315.418018456316,316.4441668128276,317.06903948858513,317.4495529414497,317.6812642751369,317.8223633142688,317.9082845808761,317.96060572710275,317.99246631918095,318.01186760269087,318.0236818786177,318.0308760997244,318.03525697079186,318.03792467194535,318.03954915016214,318.0405383649854,318.041140740548,318.04150755300697,318.0417309209347,318.0418669393007,318.041949766751,318.04200020395876,318.0420309173503,318.0420496200595,318.04206100894584,318.04206794413017,318.0420721672632,318.0420747389109,318.0420763048982,318.04207725849557,318.04207783918247,318.04207819278645,318.0420784081124,318.04207853923356,318.04207861907855,318.0420786676999,318.04207869730726,318.04207871533663,318.04207872631594,318.04207873300106
0.04175123551336812,0.1691582182196912,0.0,257.1732688514457,281.016684232339,289.79741655690987,294.65767542146614,297.5666989098166,299.33398130351804,300.41037220130755,301.0660953882105,301.4654977200972,301.7087451741148,301.8568795104575,301.9470880354725,302.0020208373346,302.035472075364,302.05584206610257,302.0682462608983,302.07579971990305,302.0803993503783,302.0832002650779,302.08490586336694,302.08594447594584,302.08657693203367,302.08696206186545,302.0871965840505,302.087339394733,302.08742635832124,302.08747931420334,302.0875115613253,302.0875311979891,302.08754315560185,302.08755043710687,302.08755487113,302.08755757119843,302.0875592153858,302.0875602166025,302.08756082628685,302.0875611975499,302.0875614236278,302.08756156129664,302.08756164512886,302.0875616961773,302.0875617272648,302.0875617461935,302.08756175772095,302.0875617647402,302.0875617690142,302.08756177161683,302.08756177320225,302.0875617741677
0.9619706668163381,0.1730931581376152,0.0,303.7015760529754,328.23683534480983,336.73102449116493,341.2830966713803,343.9670533542325,345.5864361119019,346.5696387928786,347.1677231257497,347.5317734445682,347.7534219543441,347.8883835672325,347.97056495888074,348.0206080872002,348.0510813387362,348.06963777678374,348.0809375847092,348.0878185245197,348.092008626057,348.0945601600509,348.09611389941176,348.09706003845986,348.0976361834016,348.0979870229388,348.098200664281,348.09833075971693,348.09840998044314,348.0984582213621,348.09848759733916,348.09850548563946,348.098516378597,348.09852301178796,348.09852705102566,348.098529510691,348.0985310084876,348.09853192056056,348.0985324759606,348.0985328141675,348.0985330201171,348.09853314552817,348.098533221896,348.0985332684001,348.09853329671853,348.0985333139637,348.0985333244637,348.0985333308589,348.098533334752,348.0985333371235,348.0985333385667,348.0985333394462
0.1730931581376154,0.03802933318366197,0.0,162.57080387187992,227.4963512831828,260.2573502114522,279.2864706186445,290.77264391237526,297.76187640403646,302.0199265540346,304.6139224228081,306.1939045842543,307.1561460262161,307.74213338128243,308.098977467073,308.3162785804051,308.4486036375066,308.5291824028006,308.5782503985081,308.60813005594,308.62632508226693,308.63740482405325,308.64415175892606,308.64826025950504,308.65076210311605,308.6522855837781,308.65321329694547,308.6537782215453,308.6541222285181,308.65433170921165,308.6544592710449,308.65453694894927,308.65458425037764,308.65461305425816,308.65463059418374,308.65464127500064,308.65464777901184,308.65465173958415,308.65465415134764,308.65465561997485,308.6546565142846,308.65465705886885,308.65465739048943,308.65465759242807,308.65465771539647,308.654657790278,308.65465783587666,308.6546578636431,308.65465788055093,308.6546578908479,308.6546578971174,308.65465790093566
0.03802767942731144,0.8269064787896543,0.0,260.96682593653065,282.70767057679865,290.7062439913664,295.1339183041792,297.7837464195527,299.39346275510786,300.3738492217574,300.9710732860105,301.3348375921647,301.55637784398203,301.69129165196534,301.7734488476316,301.8234785452654,301.85394395038946,301.87249568877235,301.8837926503246,301.8906718583217,301.89486090443245,301.89741179494166,301.8989651419928,301.89991104190966,301.90048704112036,301.9008377918643,301.9010513791128,301.9011814415985,301.90126064225456,301.9013088709493,301.9013382394829,301.901356123249,301.9013670134465,301.90137364495695,301.90137768316913,301.9013801422117,301.9013816396288,301.901382551471,301.90138310673046,301.901383444852,301.9013836507493,301.901383776128,301.9013838524776,301.9013838989692,301.90138392728056,301.9013839445198,301.90138395501873,301.9013839614116,301.90138396530364,301.90138396767446,301.9013839691173,301.90138396999697
0.8266972268812922,0.9602164193132057,0.0,186.3811566994304,257.7802137537447,292.2516358299425,311.75837139457485,323.38425516469766,330.41670647866385,334.6893236460043,337.2888692224422,338.87128737595987,339.8347423948144,340.42139087161513,340.7786147571224,340.9961403495774,341.1286000190892,341.2092600949472,341.2583773854329,341.2882869846379,341.30650021612047,341.31759103325436,341.3243447082022,341.32845731139525,341.3309616525506,341.3324866537734,341.3334152927445,341.3339807810515,341.33432513126525,341.334534820961,341.3346625100619,341.33474026546367,341.3347876140808,341.3348164466961,341.3348340041194,341.33484469559255,341.3348512060914,341.3348551706156,341.3348575847849,341.33485905487646,341.3348599500789,341.3348604952061,341.33486082715854,341.33486102929766,341.3348611523892,341.3348612273446,341.3348612729889,341.3348613007834,341.33486131770826,341.33486132801545,341.33486133429113,341.33486133811283
0.2302494615926648,0.5883754738842036,0.0,135.9800679656634,209.033209954268,249.74739796857318,273.951904869072,288.63327490884456,297.5751262006972,303.02346814329525,306.3425320953314,308.36408922619285,309.59523367144413,310.34496852623136,310.8015251249021,311.0795451043462,311.24884427330824,311.35193805608634,311.41471636281136,311.4529447950239,311.4762237391635,311.4903992927757,311.4990313987866,311.5042878604115,311.50748874659166,311.50943790424225,311.51062483040806,311.51134760094783,311.5117877271085,311.51205573891434,311.512218942864,311.51231832479,311.5123788427328,311.5124156947187,311.5124381354831,311.5124518006328,311.5124601219312,311.51246518912916,311.51246827476473,311.5124701537412,311.5124712979312,311.512471994678,311.5124724189566,311.51247267731895,311.51247283464636,311.51247293045014,311.51247298878855,311.51247302431364,311.51247304594744,311.5124730591198,311.51247306714134,311.5124730720264
0.652099069002103,0.3987772545969012,0.0,111.04483910614518,196.156039853393,249.54306212238586,282.0818115783218,301.8606668047425,313.8901100451769,321.2106345664981,325.66701873535624,328.3803020174392,330.03242415791567,331.03844113719913,331.6510396413916,332.0240749732784,332.2512316724458,332.3895570360332,332.4737892842015,332.52508192862086,332.55631623287746,332.57533614906873,332.58691819716074,332.59397100622385,332.59826576608685,332.6008810307243,332.60247357822215,332.6034433491151,332.60403388445667,332.6043934869064,332.6046124643536,332.6047458091678,332.6048270085801,332.6048764544045,332.6049065641005,332.60492489919324,332.6049360642227,332.6049428630899,332.60494700321385,332.60494952431446,332.60495105952094,332.60495199437446,332.6049525636469,332.6049529103018,332.6049531213946,332.60495324993855,332.60495332821444,332.6049533758796,332.6049534049048,332.6049534225802,332.6049534333432,332.60495343989714
0.554545301030626,0.4869928007303491,0.0,93.66114989160042,178.80597077836396,236.04773780260487,271.76268986681794,293.6323129415533,306.9644445791806,315.0841476858159,320.02847586968437,323.0391937659018,324.87251284095606,325.9888881438032,326.6686937352876,327.0826556893719,327.3347347036826,327.48823641467857,327.58171020874886,327.638630429533,327.6732916064606,327.69439829223916,327.7072510637922,327.71507767090986,327.7198436296592,327.7227458275648,327.7245131010823,327.725589270174,327.7262445959641,327.72664365211057,327.726886654614,327.7270346293226,327.7271247375066,327.72717960826816,327.727213021441,327.7272333681644,327.7272457581615,327.7272533029646,327.727257897322,327.72726069502403,327.7272623986655,327.7272634360858,327.7272640678168,327.72726445250396,327.7272646867571,327.72726482940385,327.7272649162679,327.72726496916283,327.72726500137344,327.72726502098715,327.72726503293137,327.72726504020346
0.5042450980844214,0.5936191336805914,0.0,90.21798918266508,174.7628650488766,232.35582896311226,268.47395463806726,290.63276815609316,304.15110082452605,312.38663326687026,317.40211315410716,320.4563193492219,322.3161626436613,323.44870071160017,324.1383512866471,324.55830892606787,324.8140390986166,324.96976416870444,325.0645918546103,325.1223365118045,325.157499719701,325.17891211179904,325.19195104016796,325.1998910057631,325.20472599318157,325.2076702255336,325.20946309559986,325.21055485151675,325.21121966878974,325.2116245047059,325.2118710267591,325.2120211446732,325.2121125579467,325.2121682234332,325.2122021205487,325.2122227619654,325.21223533141404,325.21224298549356,325.21224764639305,325.2122504846157,325.21225221293196,325.2122532653785,325.2122539062582,325.2122542965182,325.21225453416406,325.21225467887666,325.21225476699897,325.21225482065944,325.21225485333605,325.21225487323454,325.21225488535106,325.21225489272973
0.4926157441522149,0.2617922703149027,0.0,89.91089984190324,174.28342535843342,231.81029953857163,267.905561076863,290.0564429011269,303.57186140107046,311.8062253093451,316.8211890136056,319.875146153062,321.7348605807232,322.8673285193553,323.5569395813601,323.9768744273854,324.23259123877074,324.3883083896014,324.4831313452668,324.54087316156256,324.5760346566106,324.5974460131086,324.6104843140899,324.6184238990544,324.62325865530744,324.6262027471629,324.6279955317932,324.6290872357362,324.629752021382,324.63015683804906,324.6304033483862,324.6305534591665,324.6306448680973,324.63070053093963,324.63073442644526,324.6307550668817,324.6307676357334,324.63077528944945,324.63077995012725,324.630782788216,324.6307845164499,324.630785568846,324.63078620969554,324.6307865999366,324.63078683757095,324.63078698227685,324.6307870703947,324.6307871240532,324.63078715672884,324.63078717662586,324.6307871887419,324.6307871961202
0.3579154977251956,0.5744778400962766,0.0,100.2641829744835,181.5365327255977,234.1877424308706,266.784281320115,286.73975824406233,298.91549571009756,306.3357512090848,310.85580798523335,313.6086798646403,315.2851352611175,316.3060322295515,316.9277088993559,317.3062769347816,317.5368039516481,317.67718195310204,317.7626642114051,317.814718053863,317.8464158850827,317.86571806170537,317.8774719894568,317.88462946295704,317.8889879572588,317.8916420324264,317.89325821327697,317.89424237551185,317.89484167435234,317.8952066132691,317.8954288403197,317.89556416395754,317.8956465683577,317.89569674795365,317.89572730447304,317.8957459116566,317.8957572423734,317.8957641421359,317.89576834369905,317.8957709022115,317.8957724602011,317.8957734089275,317.8957739866477,317.8957743384468,317.89577455267215,317.89577468312376,317.8957747625607,317.8957748109339,317.8957748403897,317.8957748583272,317.8957748692503,317.89577487590117
0.5087458223117715,0.7411540752117507,0.0,90.36627551932551,174.97695097836,232.5867611447492,268.70646947902827,290.86354446738704,304.38000339697095,312.6141447235642,317.6286979368474,320.6823133719907,322.54178768169083,323.674097668508,324.36360805543814,324.78347981112876,325.03915747352033,325.1948504792396,325.28965860208757,325.3473913303119,325.382547267149,325.4039552285461,325.41699145754535,325.4249297788012,325.42976376465697,325.4327073870039,325.4344998855636,325.4355914152332,325.4362560947238,325.43666084673515,325.436907317694,325.43705740449343,325.4371487988191,325.43720445276716,325.437238342857,325.4372589799949,325.4372715468391,325.4372791993313,325.4372838592648,325.4372866968996,325.43728842485706,325.4372894770856,325.4372901178324,325.437290508011,325.4372907456071,325.43729089029046,325.43729097839434,325.43729103204436,325.4372910647144,325.43729108460855,325.43729109672256,325.4372911040999
0.4684217064798021,0.2996869219520935,0.0,89.90190537971229,173.88101617352396,231.0846590313282,266.9821029390046,289.0175561995483,302.4650290802608,310.65882028068376,315.64932325688983,318.68845664245407,320.53916439326804,321.6661533257916,322.352429472403,322.770333928206,323.0248144396092,323.1797787730548,323.27414330804004,323.3316059715226,323.3665974776023,323.38790532000894,323.4008805865496,323.4087817870055,323.41359316922006,323.41652302759024,323.4183071448267,323.4193935708141,323.4200551424836,323.4204580020204,323.4207033205762,323.4208527056293,323.4209436726333,323.4209990663673,323.4210327980014,323.4210533386486,323.4210658467356,323.42107346344915,323.42107810159433,323.4210809259613,323.4210826458399,323.4210836931482,323.4210843308997,323.42108471925417,323.42108495573956,323.4210850997463,323.4210851874377,323.4210852408367,323.4210852733537,323.42108529315453,323.4210853052131,323.42108531255514
0.531542235920268,0.7005085652848272,0.0,91.68723291065244,176.5874111888006,234.10962702649687,270.1029141014419,292.1653432943304,305.6199056015978,313.8152875211556,318.80596100738046,321.8449612649244,323.69551596268616,324.8223891207286,325.508587399267,325.9264419190338,326.1808911181124,326.3358360440869,326.4301886278097,326.48764395971847,326.5226309789048,326.54393607959264,326.5569096725376,326.56480985212477,326.56962061193235,326.57255009096355,326.5743339770595,326.5754202622335,326.57608174812765,326.5764845554204,326.5767298421574,326.5768792078326,326.57697016303496,326.5770255495822,326.57705927683975,326.5770798148222,326.5770923212855,326.5770999370109,326.5771045745544,326.57710739855435,326.5771091182104,326.5771101653832,326.5771108030517,326.5771111913555,326.57711142781073,326.57711157179824,326.57711165947836,326.57711171287076,326.57711174538355,326.57711176518194,326.5771117772382,326.5771117845797
0.209286668245671,0.03207536843876096,0.0,144.94006029248214,215.4242394612933,253.39553482742664,275.78572460602106,289.34324795248966,297.59800601569873,302.62755156428017,305.6915461147714,307.5577823721757,308.69435032825777,309.3864966220526,309.8079866535333,310.06465383924717,310.2209507147274,310.3161269946241,310.37408406107136,310.40937666252836,310.4308678660883,310.4439547932388,310.45192399022557,310.456776779083,310.45973185199995,310.4615313235678,310.4626270995167,310.4632943647987,310.4637006914311,310.46394812125476,310.46409879195136,310.4641905418403,310.46424641230635,310.46428043424305,310.46430115166885,310.46431376740367,310.4643214496686,310.46432612773066,310.4643289764048,310.46433071108584,310.4643317674073,310.4643324106474,310.4643328023437,310.4643330408644,310.4643331861108,310.46433327455657,310.4643333284157,310.46433336121237,310.4643333811849,310.46433339334567,310.4643334007514,310.4643334052612
0.7383715579425557,0.4923060753651843,0.0,140.02467865849195,221.89316236106058,268.00165807850624,295.18658964825545,311.5569507124544,321.48663822009365,327.524363299332,331.1988110449269,333.43577465540744,334.7978063443703,335.6271645803356,336.13218506492126,336.4397106163597,336.62697529640064,336.7410085892232,336.8104483113123,336.8527331345996,336.8784821824643,336.8941618871453,336.90370993540495,336.9095241538193,336.9130646822296,336.9152206627204,336.91653353225644,336.91733299515727,336.91781982260926,336.9181162728478,336.9182967941873,336.9184067214202,336.9184736608539,336.91851442316306,336.918539245092,336.9185543602352,336.91856356449784,336.91856916937155,336.9185725824196,336.91857466077255,336.91857592637075,336.91857669704865,336.91857716634735,336.9185774521234,336.91857762614546,336.91857773211467,336.91857779664383,336.9185778359382,336.91857785986707,336.91857787443763,336.91857788331043,336.9185778887138
0.6977886895200016,0.4710387754596971,0.0,124.58542433572534,208.5656315802271,258.5907741274538,288.5854980158145,306.7316776305304,317.7528093750536,324.4568037105841,328.5372593880976,331.021514418464,332.53414460414785,333.45521170312264,334.0160784625376,334.3576114515629,334.5655848001469,334.69222851893426,334.7693472820254,334.81630820787353,334.84490473757126,334.86231839729004,334.8729223257878,334.8793795153196,334.8833115766197,334.88570597839595,334.8871640329451,334.8880519052678,334.8885925690316,334.88892180252395,334.88912228700144,334.88924437064986,334.8893187126496,334.889363982702,334.8893915495889,334.88940833625634,334.88941855838186,334.8894247830749,334.8894285735593,334.8894308817491,334.88943228730477,334.8894331432088,334.88943366440566,334.88943398178435,334.8894341750503,334.8894342927382,334.889434364404,334.889434408044,334.8894344346185,334.88943445079974,334.8894344606548,334.88943446665496
0.3522461294585361,0.6091007822623753,0.0,101.20288906077151,182.28685067169948,234.58560735150286,266.9231916456166,286.7143549363575,298.7892230452411,306.14799269270685,310.6306147267294,313.3606958589216,315.0232745354976,316.0357217121259,316.6522529684717,317.0276877148602,317.2563067148464,317.3955228296444,317.480297558486,317.5319205525997,317.5633560202312,317.5824984316921,317.5941550712523,317.6012533016458,317.6055757202067,317.60820782727427,317.6098106307894,317.61078664698334,317.6113809853455,317.6117429036126,317.61196329125846,317.61209749480304,317.6121792171307,317.6122289813822,317.6122592849814,317.6122777381507,317.61228897508136,317.61229581773284,317.61229998451944,317.61230252185567,317.6123040669482,317.6123050078222,317.61230558076136,317.61230592964785,317.61230614210007,317.612306271472,317.6123063502517,317.6123063982243,317.6123064274368,317.61230644522584,317.6123064560574,317.612306462654
0.3912729806766073,0.6321702969638769,0.0,95.2370081445855,177.55903599736823,232.14065933249532,266.15151538919133,287.00289318257444,299.72803244540074,307.48297076518685,312.206717391779,315.08356943048466,316.8355020814092,317.9023540645199,318.552012720586,318.947619554793,319.18852202115585,319.33521800953423,319.42454753689543,319.4789441378039,319.5120685719447,319.53223946710875,319.5445223944282,319.55200199832075,319.5565566516022,319.55933017638677,319.5610190952407,319.5620475507758,319.5626738217117,319.5630551851009,319.5632874137192,319.5634288277434,319.5635149408436,319.563567378825,319.5635993105742,319.5636187551939,319.5636305958617,319.5636378061554,319.5636421968138,319.56364487047546,319.5636464985835,319.5636474900082,319.56364809372997,319.5636484613618,319.5636486852292,319.56364882155106,319.56364890456393,319.56364895511365,319.5636489858958,319.5636490046404,319.5636490160546,319.5636490230055
0.5363006882678452,0.8456461156010517,0.0,92.05718734004562,177.00969911283826,234.48592199285497,270.4312080600229,292.45980226456726,305.8926608930285,314.07454039669824,319.0569103727737,322.0908292778698,323.9382814996,325.0632625517234,325.74830758493783,326.16545943444186,326.4194805833041,326.5741647835132,326.66835857169895,326.72571719406625,326.7606453174414,326.7819145516776,326.79486630301375,326.8027531818773,326.8075558421136,326.8104803888851,326.8122612714796,326.8133457276767,326.8140060998209,326.8144082289007,326.81465310264196,326.8148022168263,326.8148930188858,326.814948312176,326.81498198264615,326.81500248604806,326.8150149714543,326.8150225743565,326.81502720409225,326.8150300233376,326.8150317400974,326.8150327855073,326.81503342210226,326.81503380975175,326.81503404580906,326.81503418955407,326.8150342770871,326.815034330389,326.81503436284714,326.8150343826124,326.8150343946481,326.81503440197713
0.5238838905520327,0.1850362711303833,0.0,91.13415783693156,175.94116818778787,233.52390629381398,269.5858035754142,291.6978037775816,305.1845756438913,313.40015723700805,318.40331996709307,321.4499917980727,323.30524292381205,324.4349857243865,325.1229354353786,325.541858139128,325.7969585059208,325.9523002580708,326.0468946168713,326.1044972327134,326.13957396411695,326.16093370521486,326.1739405757691,326.18186102158853,326.1866841232789,326.18962111820997,326.1914095812344,326.192498653573,326.1931618367257,326.19356567756665,326.19381159368163,326.19396134261484,326.19405253120135,326.1941080598664,326.1941418736662,326.1941624643477,326.1941750029029,326.19418263816925,326.1941872876128,326.1941901188598,326.19419184292786,326.19419289278744,326.19419353209236,326.1941939213926,326.1941941584542,326.1941943028112,326.1941943907161,326.19419444424585,326.194194476842,326.194194496691,326.19419450877814,326.1941945161385
0.8477186740594532,0.5413152203605383,0.0,200.53063913345,267.6957896301386,298.7226625546719,316.10326650902675,326.4385024858855,332.68681006963124,336.4824769646478,338.7917512914434,340.1974613532561,341.05332742289943,341.5744658067204,341.8917997007083,342.0850352726127,342.2027039780917,342.27435730913834,342.31799005002046,342.3445598896481,342.3607394056612,342.3705918092468,342.37659136228746,342.38024474878335,342.38246945337045,342.38382417194896,342.38464911852856,342.38515146408656,342.3854573639682,342.38564363960353,342.385757070873,342.3858261440674,342.3858682057146,342.3858938188666,342.38590941581936,342.3859189134776,342.3859246970115,342.38592821885493,342.3859303634564,342.38593166939694,342.38593246464023,342.385932948899,342.3859332437844,342.38593342335275,342.3859335327007,342.38593359928615,342.3859336398341,342.38593366452506,342.38593367956014,342.3859336887154,342.3859336942912,342.38593369768637
0.1433944683473016,0.4543326525920209,0.0,179.35464535701456,238.36501291704434,266.38195390424227,282.447602920384,292.12010471889494,298.00268048360033,301.5861686187975,303.76918866402025,305.09884620160926,305.90863404910414,306.401779253231,306.70208550213,306.8849574835821,306.9963168555044,307.0641285927977,307.10542214676576,307.1305675914919,307.1458797431316,307.1552039745895,307.1608819019527,307.16433943707494,307.16644487944495,307.1677269741636,307.1685076969611,307.16898311275867,307.1692726139498,307.16944890371605,307.16955625416045,307.1696216244778,307.16966143128394,307.1696856713662,307.16970043219743,307.16970942070475,307.16971489419484,307.169718227239,307.1697202568727,307.16972149280423,307.16972224541746,307.16972270371514,307.16972298279273,307.1697231527352,307.16972325621975,307.1697233192372,307.1697233576101,307.1697233809775,307.16972339520714,307.16972340387196,307.1697234091484,307.16972341236107
0.455057252197199,0.1425572725142195,0.0,90.18999005695926,173.93080125567172,230.86817411726446,266.5872241758932,288.5142175448137,301.89658122525617,310.051140547904,315.0178983196211,318.0426191537614,319.88456551247816,321.00622415686837,321.68925611600724,322.10518562996293,322.3584637297944,322.5126959461484,322.6066146967107,322.66380591649596,322.6986321345374,322.719839328369,322.73275330670003,322.74061718657543,322.7454058428759,322.74832186254366,322.75009755283327,322.75117884730645,322.7518372941823,322.7522382509014,322.7524824107496,322.7526310902172,322.75272162755977,322.7527767596541,322.7528103319647,322.7528307755939,322.752843224601,322.75285080533945,322.7528554215777,322.7528582326035,322.7528599443594,322.7528609867216,322.75286162146017,322.75286200798,322.75286224334917,322.752862386675,322.7528624739525,322.75286252709947,322.75286255946304,322.7528625791706,322.75286259117127,322.7528625984793
0.454852943486838,0.8548659492029488,0.0,90.21232487901193,173.9530801574971,230.88317019326377,266.59474754646504,288.51586374952154,301.8940581422406,310.04581633071916,315.0107524339668,318.0343129052035,319.87553021927175,320.99673506063516,321.6794863554823,322.09524306474987,322.3484151051759,322.5025823731029,322.5964614141337,322.65362838312785,322.68843980316933,322.70963797243286,322.7225464494332,322.73040697673343,322.735193590378,322.73810836568873,322.73988329801995,322.74096413084385,322.74162229655997,322.74202308205116,322.7422671376227,322.7424157535888,322.7425062522611,322.7425613608059,322.7425949187768,322.7426153536731,322.74262779736307,322.74263537486263,322.74263998912903,322.74264279895493,322.7426445099788,322.7426455518953,322.74264618636346,322.7426465727181,322.74264680798655,322.7426469512513,322.7426470384917,322.74264709161633,322.7426471239653,322.7426471436642,322.7426471556601,322.7426471629648
0.8550073053301133,0.4551734137142351,0.0,205.4930825970883,271.1494674589638,300.9727200229107,317.6131509607828,327.49949846640936,333.4751349408406,337.1049551242455,339.3132941153315,340.65755694560573,341.4760103269239,341.9743682021429,342.2778306421786,342.4626194968762,342.5751447110986,342.64366597961964,342.6853914851864,342.7107999322247,342.72627222841913,342.7356939763018,342.741431284919,342.7449249796502,342.7470524411111,342.7483479441878,342.7491368319083,342.74961721967924,342.74990974851966,342.7500878819509,342.75019635508295,342.7502624090528,342.7503026321648,342.7503271257532,342.75034204095596,342.75035112346575,342.75035665419813,342.7503600221007,342.7503620729607,342.7503633218186,342.7503640823013,342.75036454539276,342.7503648273891,342.7503649991079,342.7503651036755,342.750365167351,342.75036520612633,342.75036522973795,342.7503652441165,342.7503652528719,342.75036525820286,342.75036526144953
0.5025268291786601,0.5491777128411119,0.0,90.09863134892203,174.6213383874807,232.2266720534539,268.35943453909096,290.5288623087896,304.05407399226124,312.29390524264227,317.3120346662218,320.3678642771235,322.2286995151874,323.36184283209093,324.0518624273213,324.4720449595307,324.7279121524471,324.88372069075206,324.97859921702155,325.03637483866214,325.0715569045458,325.0929807811265,325.10602670334606,325.11397092799666,325.11880850902315,325.1217543207738,325.12354815262074,325.1246404942139,325.12530566813336,325.1257107212292,325.1259573755332,325.12610757398016,325.1261990362944,325.12625473164303,325.126288646944,325.1263092994342,325.1263218756259,325.12632953381194,325.12633419721124,325.1263370369566,325.1263387662007,325.12633981921124,325.1263404604349,325.12634085090417,325.1263410886771,325.1263412334675,325.12634132163737,325.1263413753265,325.12634140802066,325.1263414279295,325.12634144005335,325.126341447436
0.5760599175355938,0.2226893496033974,0.0,96.39132126394942,181.6846024889688,238.40077082970603,273.6522004404979,295.21078312657426,308.34780819224073,316.34752731552703,321.2185395749452,324.18455787764276,325.9906467536927,327.09043901687573,327.7601467312831,328.1679599960402,328.4162950230461,328.56751697068063,328.65960257256785,328.7156774883334,328.7498239339534,328.7706171827306,328.783279091236,328.7909894746106,328.79568466014894,328.7985437613883,328.8002847915705,328.8013449800009,328.8019905744928,328.8023837048389,328.80262309887036,328.8027688762265,328.8028576463486,328.8029117023056,328.80294461930976,328.80296466389416,328.80297686990656,328.80298430267374,328.8029888288067,328.8029915849641,328.80299326330777,328.80299428532265,328.8029949076719,328.80299528664756,328.8029955174221,328.80299565795093,328.8029957435249,328.8029957956338,328.80299582736575,328.8029958466888,328.80299585845523,328.8029958656203
0.3022282416231162,0.1065640559418765,0.0,112.32350909080186,191.08562473354203,239.47447881308867,268.9947604258024,287.00630785633575,297.98948249885063,304.6828170907315,308.7603008857474,311.2437425862146,312.7561606732399,313.67717958098336,314.2380403552237,314.5795765305331,314.7875538555114,314.91420061889954,314.99132143344536,315.0382836737851,315.06688102656085,315.0842951957227,315.09489943757774,315.1013568191683,315.10528899792763,315.1076834714419,315.109141569764,315.11002946878125,315.11057014881754,315.110899392225,315.1110998827446,315.1112219700726,315.11129631431436,315.11134158573117,315.11136915344974,315.11138594062294,315.11139616305763,315.1114023879385,315.1114061785374,315.11140848679656,315.1114098923947,315.1114107483245,315.11141126953714,315.1114115869256,315.1114117801976,315.1114118978893,315.11141196955634,315.1114120131977,315.1114120397728,315.11141205595584,315.1114120658101,315.11141207181083
0.8934359440581239,0.302228241623116,0.0,235.690248413074,290.61620587692136,313.3955400325658,325.8848522318597,333.2783051769329,337.74330357280684,340.45487758197754,342.1044539818205,343.1085647272637,343.7199126900919,344.0921629981883,344.3188353870459,344.45686415389326,344.5409153473693,344.59209762578246,344.6232646959228,344.64224366459547,344.6538007772103,344.66083840214424,344.6651239159452,344.6677335503861,344.6693226694829,344.6702903527079,344.6708796167927,344.6712384451257,344.6714569511838,344.67159000895134,344.6716710335668,344.67172037295154,344.671750417832,344.6717687134554,344.67177985444954,344.67178663868225,344.67179076989447,344.67179328556705,344.6717948174694,344.6717957503095,344.67179631835785,344.67179666426534,344.67179687490375,344.67179700317075,344.67179708127907,344.67179712884155,344.67179715780475,344.6717971754412,344.67179718618104,344.6717971927213,344.6717971967041,344.671797199129
0.6650291088154253,0.7474206027173125,0.0,114.50129164613425,199.3851525477207,251.9285582940028,283.81680434722654,303.1755085166636,314.94476294774387,322.1059735928807,326.46513761178676,329.1191608068076,330.7351777454127,331.7192017449416,332.31840507154,332.6832824070758,332.9054708946487,333.0407707068019,333.123160483416,333.17333113167297,333.20388218854436,333.222486039167,333.23381472403497,333.24071324801145,333.2449140564651,333.2474721097891,333.2490298187428,333.24997837489514,333.2505559916455,333.2509077273983,333.2511219144702,333.25125234221775,333.25133176529897,333.2513801294405,333.25140958045233,333.2514275144446,333.2514384352257,333.25144508536033,333.2514491349146,333.25145160086225,333.25145310248433,333.25145401688684,333.25145457370627,333.2514549127773,333.2514551192521,333.2514552449839,333.2514553215473,333.25145536817035,333.2514553965606,333.25145541384893,333.2514554243772,333.2514554307872
0.3284515461895454,0.4677427902867091,0.0,105.98624804554373,186.08814428782176,236.66824796240314,267.75926826951627,286.7619715233548,298.3531247347252,305.41707961729105,309.72022304833615,312.34104571632673,313.9371059418478,314.9090521663943,315.5009224442818,315.86134071850745,316.080815792676,316.21446387591993,316.295848030515,316.34540637449464,316.37558459469415,316.3939614169965,316.4051518576014,316.4119661999078,316.4161157470131,316.41864258530126,316.4201812861625,316.4211182675053,316.4216888358722,316.4220362795662,316.42224785302267,316.4223766892278,316.4224551431516,316.42250291713094,316.4225320087676,316.42254972392055,316.42256051144074,316.4225670804284,316.4225710805676,316.422573516425,316.4225749997237,316.4225759029683,316.4225764529927,316.42257678792623,316.4225769918821,316.42257711607994,316.4225771917089,316.42257723776294,316.4225772658072,316.42257728288433,316.42257729328276,316.42257729961534
0.6026942967555364,0.659612829282515,0.0,100.54013584418415,185.92496826182284,241.7647669975043,276.27319675727114,297.33819595062334,310.16646359283794,317.97638232863466,322.7313775931376,325.62662594595605,327.3895822081241,328.4630964744512,329.116797816852,329.5148623765195,329.75726030922124,329.9048666230941,329.99475039215747,330.0494844670499,330.0828143954068,330.10311042234116,330.1154695469953,330.12299555046917,330.12757845836614,330.13036918857136,330.13206858453583,330.13310342003103,330.13373357599806,330.1341173051483,330.13435097438133,330.1344932656575,330.13457991295405,330.13463267623047,330.13466480606627,330.1346843713089,330.1346962854297,330.13470354045216,330.1347079583479,330.1347106485954,330.1347122868024,330.13471328437834,330.13471389184446,330.1347142617572,330.134714487013,330.13471462418147,330.1347147077088,330.1347147585718,330.13471478954517,330.13471480840593,330.1347148198905,330.13471482688504
0.7818967677944089,0.8950901204623731,0.0,160.50597756869678,238.43255612475468,279.3494354826866,303.0047260056131,317.17679310649635,325.76104035360106,330.9784766756872,334.15325698102623,336.0859202930321,337.2626416984775,337.9791532572436,338.41545514211305,338.6811343563703,338.8429167209667,338.9414326101047,339.00142306142754,339.0379537921707,339.0601989143146,339.07374492283265,339.081993669416,339.0870166860949,339.0900754172424,339.0919380104237,339.09307222369404,339.09376289505514,339.0941834746291,339.0944395836711,339.0945955395134,339.0946905077527,339.0947483380103,339.0947835533485,339.0948049974873,339.0948180557493,339.09482600748777,339.0948308496446,339.0948337982428,339.09483559377134,339.0948366871461,339.0948373529497,339.09483775838527,339.09483800527295,339.0948381556138,339.094838247162,339.0948383029102,339.0948383368581,339.0948383575302,339.0948383701178,339.0948383777834,339.09483838245075
0.6637908886453731,0.5329647826669539,0.0,114.30118111681738,199.17874022924988,251.76429803200602,283.6893049825708,303.07282941710855,314.85777727998817,322.0287067425283,326.3938425259586,329.0515219868137,330.6697732202247,331.65516100336635,332.25519615473877,332.6205806042892,332.84307814541205,332.97856626193607,333.0610707523383,333.1113112753235,333.1419048909098,333.1605346612963,333.17187913154476,333.1787872686721,333.18299393131804,333.1855555496563,333.1871154295632,333.188065307732,333.1886437295254,333.18899595551085,333.1892104411072,333.18934105064096,333.18942058442104,333.1894690159699,333.1894985080308,333.1895164670182,333.18952740302075,333.1895340624245,333.18953811762293,333.18954058700774,333.1895420907231,333.1895430064,333.1895435639951,333.18954390353946,333.1895441103018,333.1895442362084,333.18954431287864,333.1895443595667,333.1895443879971,333.189544405309,333.1895444158518,333.1895444222711
0.8913644134702445,0.6983607155621018,0.0,233.98707702349023,289.54158334123764,312.7156370762056,325.43388441479004,332.9640306271092,337.51165795480665,340.27339023797896,341.9534617994818,342.9761255202483,343.5987648077437,343.9778883419611,344.20874508314114,344.3493214395721,344.4349237810249,344.48705053882276,344.51879270787015,344.53812186370277,344.5498922136828,344.5570596851203,344.56142426677735,344.564082048487,344.565700486288,344.5666860228285,344.5672861585208,344.5676516070256,344.5678741443802,344.56800965697545,344.5680921764407,344.56814242610193,344.5681730252881,344.5681916584527,344.56820300499106,344.56820991438786,344.56821412181665,344.56821668390205,344.568218244067,344.56821919411834,344.56821977264536,344.56822012493546,344.5682203394608,344.5682204700933,344.56822054964255,344.56822059808206,344.5682206275792,344.56822064554177,344.5682206564794,344.5682206631403,344.5682206671962,344.56822066966697
0.1084028500113783,0.6983537001914046,0.0,202.4038795197364,252.22281319971214,274.0892861249978,286.4522517077314,293.8760499202791,298.38868744856023,301.1373816794006,302.8118292217341,303.8317182821554,304.4528506136945,304.83110783539354,305.0614514723216,305.2017194340258,305.28713512098875,305.3391485373984,305.37082177811067,305.39010898584615,305.4018537989463,305.4090057218791,305.4133608359451,305.4160128525888,305.41762777983723,305.4186111786621,305.4192100126122,305.41957466843,305.41979672308486,305.4199319417424,305.4200142822159,305.42006442288226,305.42009495569727,305.4201135484448,305.4201248703716,305.42013176478116,305.42013596308453,305.4201385196124,305.42014007639256,305.42014102438327,305.4201416016557,305.42014195318137,305.4201421672415,305.4201422975909,305.4201423769668,305.420142425302,305.42014245473473,305.42014247265865,305.4201424835734,305.4201424902192,305.42014249426614,305.4201424967308
0.8935266305730094,0.219756857017177,0.0,235.88323671144366,290.6791878328061,313.4295321029317,325.906584496393,333.2931831539269,337.75410540144105,340.46321860585147,342.11130268007025,343.11450686981084,343.72530365920346,344.0972186967567,344.3236870801724,344.4615916864728,344.54556730245,344.5967035712061,344.6278426296487,344.6468045432249,344.65835127132203,344.66538257314136,344.66966423672864,344.67227152669864,344.67385921818567,344.6748260320939,344.6754147668215,344.6757732728099,344.6759915825802,344.67612452081966,344.6762054726507,344.67625476771207,344.6762847856033,344.6763030647917,344.6763141957783,344.6763209739161,344.6763251014171,344.6763276148311,344.67632914535665,344.6763300773595,344.67633064489644,344.6763309904939,344.6763312009427,344.6763313290948,344.6763314071323,344.6763314546528,344.6763314835896,344.67633150121014,344.6763315119404,344.6763315184746,344.67633152245423,344.67633152487696
0.219756857017177,0.1064733694269907,0.0,140.47296972375034,212.23207750957022,251.57083083375485,274.86739733643685,288.98689356071463,297.5854015834553,302.82453452185365,306.01620581020984,307.9602004323804,309.1441212179023,309.8651032798782,310.3041528027588,310.5715127577853,310.73432093098205,310.83346222302845,310.89383375679387,310.9305966315744,310.9529831479521,310.9666152696761,310.9749164591424,310.9799714125369,310.98304959215903,310.9849240287081,310.98606545406733,310.98676051724516,310.9871837712157,310.9874415088248,310.9875984563768,310.987694028514,310.98775222651176,310.98778766578357,310.98780924628556,310.9878223875843,310.9878303898884,310.98783526283603,310.98783823018414,310.98784003713047,310.9878411374582,310.98784180749556,310.9878422155095,310.9878424639669,310.98784261526396,310.9878427073946,310.9878427634978,310.9878427976602,310.98784281846423,310.98784283113207,310.987842838846,310.98784284354383
0.1062810497127002,0.7800572800248098,0.0,203.85954573404754,253.07540349303068,274.5618732192197,286.69807031042353,293.98434395947226,298.41321076709204,301.11085383537073,302.7541972170079,303.75513960218154,304.36473243544447,304.7359620524057,304.9620260262159,305.09968782320493,305.1835164680511,305.2345634516583,305.26564818382894,305.284577020843,305.2961036054933,305.3031226392533,305.30739683117264,305.3099995707443,305.31158449102077,305.3125496172905,305.3131373242851,305.3134952044164,305.3137131330627,305.3138458392149,305.313926649715,305.3139758587145,305.314005824198,305.31402407147266,305.3140351830253,305.3140419493294,305.31404606962394,305.3140485786488,305.3140501065021,305.314051036879,305.31405160342456,305.31405194841847,305.3140521585004,305.3140522864285,305.31405236432937,305.3140524117665,305.3140524406533,305.3140524582431,305.3140524689548,305.3140524754776,305.3140524794498,305.314052481868
0.6431306872380507,0.2564461540754618,0.0,108.818001210188,194.04209488567722,247.9667616959013,280.9263014573413,300.97794795609366,313.1764707495212,320.60053332348974,325.1200953041026,327.87188388144995,329.54746364049777,330.5677683597396,331.1890685175256,331.56740313725487,331.79778699257383,331.9380775898217,332.0235065868822,332.0755279975743,332.1072060851923,332.1264962428787,332.1382428538337,332.14539587282815,332.1497516550622,332.15240407895044,332.15401925436225,332.15500280438636,332.155601730443,332.15596644236444,332.15618853119133,332.1563237706603,332.1564061238085,332.1564562721936,332.1564868097093,332.1565054053195,332.15651672898866,332.15652362445996,332.1565278234098,332.15653038033156,332.15653193735096,332.156532885488,332.1565334628491,332.15653381442934,332.15653402852115,332.15653415889176,332.15653423828,332.15653428662216,332.15653431606063,332.156534333986,332.15653434490207,332.15653435154974
0.1500626751079004,0.4033196798941856,0.0,175.2558227774903,235.80562845762927,264.94846489641367,281.7042080728343,291.7973099395878,297.93630227798735,301.6760634637272,303.95429041793,305.34193821887334,306.18704346100714,306.7016964184675,307.01510014563377,307.20594790954465,307.3221641374562,307.39293344549776,307.4360280002863,307.4622701554882,307.4782501428462,307.48798104887265,307.49390661817523,307.4975149532666,307.4997122242911,307.5010502374587,307.5018650114209,307.5023611624463,307.50266329021395,307.5028472688481,307.5029593013756,307.5030275228158,307.50306906579357,307.5030943631061,307.50310976773005,307.5031191482703,307.5031248604861,307.50312833890104,307.50313045705775,307.50313174689546,307.50313253233253,307.5031330106189,307.50313330186884,307.50313347922327,307.5031335872213,307.5031336529873,307.503133693034,307.50313371742055,307.50313373227067,307.5031337413134,307.50313374681997,307.5031337501725
0.4030142524127986,0.8497406573892096,0.0,93.85203130195167,176.4825245108683,231.63297238329736,266.06146423214,287.17702828049494,300.06388333816784,307.9172023943548,312.7007721133076,315.614017026099,317.38809754006235,318.468431469107,319.1262980681652,319.5269023850536,319.7708477616441,319.91939659817365,320.0098543583529,320.0649379692528,320.0984807449978,320.11890638277623,320.13134443228523,320.13891849608507,320.1435306697794,320.1463392210927,320.1480494690547,320.14909091277855,320.1497250927723,320.1501112723228,320.1503464337077,320.15048963361875,320.1505768342226,320.15062993443155,320.15066226943964,320.1506819596207,320.1506939498218,320.15070125117234,320.15070569727993,320.1507084047061,320.1507100533751,320.15071105732045,320.1507116686668,320.1507120409415,320.15071226763547,320.15071240567994,320.1507124897407,320.15071254092874,320.15071257209985,320.1507125910806,320.15071260263903,320.15071260967784
0.406497216007997,0.1486717770880164,0.0,93.45266763871935,176.16546867420757,231.47920913452927,266.03042660600863,287.2249426261713,300.1607399031878,308.0441098906931,312.8460753475539,315.77056492317485,317.5515122297235,318.6360364521089,319.296458656344,319.69862095329773,319.9435158315671,320.0926432049832,320.18345341279127,320.23875171085405,320.27242524810475,320.29293052502754,320.30541707586946,320.3130206766867,320.3176508378252,320.32047034294334,320.3221872613562,320.3232327670965,320.3238694206677,320.32425710650267,320.32449318513727,320.32463694360524,320.3247244843386,320.3247777916685,320.3248102528021,320.32483001978557,320.3248420567555,320.3248493865859,320.3248538500356,320.3248565680227,320.324858223122,320.3248592309842,320.32485984471396,320.32486021844113,320.32486044601944,320.324860584602,320.3248606689905,320.32486072037926,320.32486075167066,320.32486077072633,320.3248607823297,320.32486078939564
0.8510382917029757,0.4065110447600251,0.0,202.5908046938588,269.2039076165913,299.7173496724668,316.77387413043795,326.91149621564387,333.0396281393514,336.7621881945969,339.02697164395505,340.4055991065642,341.24497706991855,341.7560765452117,342.067297877348,342.25681147729676,342.37221381003775,342.44248708997674,342.48527947581664,342.511337594621,342.5272055050551,342.5368681600021,342.5427521675402,342.5463351936687,342.5485170529135,342.5498456811673,342.5506547402445,342.5511474112279,342.55144741984805,342.5516301080411,342.55174135476454,342.5518090976936,342.5518503492859,342.5518754691604,342.5518907657359,342.5519000804799,342.5519057526306,342.5519092066467,342.55191130994785,342.5519125907359,342.5519133706647,342.55191384559674,342.5519141348038,342.551914310914,342.5519144181548,342.5519144834592,342.55191452322566,342.55191454744045,342.55191456218677,342.5519145711658,342.5519145766343,342.55191457996284
0.4665357204873969,0.6160785534357236,0.0,89.97258851444796,173.91967735140835,231.07788475498313,266.942476617481,288.9569733047724,302.39144395057485,310.577221717152,315.5627991908386,318.5989111129429,320.44776855290564,321.57362596521654,322.25921091715503,322.67669350785013,322.93091669834854,323.0857241484831,323.17999306699164,323.23739746878675,323.2723534807052,323.29363970211887,323.3066017996053,323.31449497949814,323.3193014770502,323.32222836067814,323.32401066635134,323.32509598915004,323.3257568890174,323.32615933945596,323.32640440888986,323.3265536422395,323.3266445168647,323.3266998543443,323.3267335517231,323.32675407151083,323.3267665668946,323.326774175873,323.3267788093084,323.3267816308073,323.3267833489391,323.3267843951841,323.32678503228755,323.3267854202476,323.32678565649326,323.32678580035326,323.3267858879556,323.3267859413012,323.32678597378504,323.32678599356535,323.32678600561104,323.3267860129464
0.2561684717442791,0.3616112508357353,0.0,126.29078228397267,201.8419704513785,245.62004937410873,271.90870599932896,287.8902618987138,297.62851795232336,303.5625832821366,307.1775657274042,309.3793525478254,310.7202560265587,311.536831224873,312.0340911109393,312.33689762784525,312.52129062357875,312.63357579007055,312.70195117093914,312.7435879222782,312.76894234736676,312.7843817545388,312.7937834771119,312.7995085921673,312.8029948619489,312.8051178021206,312.80641055201994,312.8071977632234,312.80767713009556,312.807969037267,312.80814679213915,312.8082550347507,312.8083209483472,312.80836108597924,312.8083855275152,312.80840041102095,312.80840947423013,312.8084149932089,312.80841835395347,312.8084204004555,312.8084216466584,312.80842240552596,312.8084228676332,312.80842314902975,312.8084233203845,312.80842342472994,312.80842348826957,312.80842352696226,312.80842355052454,312.80842356487176,312.8084235736083,312.808423578929
0.4475543734594165,0.4192721528033242,0.0,90.48637945632129,174.08748827607403,230.83617482967426,266.42266826635495,288.2671533012736,301.59932517214327,309.72340424819504,314.671625809469,317.6850618450704,319.520134613411,320.6376059039723,321.318086963622,321.73246258775,321.9847941983169,322.13844993653623,322.2320175902429,322.2889949876237,322.32369098914614,322.34481888373364,322.3576845712251,322.36551904379667,322.370289792315,322.373194906982,322.37496395666847,322.3760412073579,322.3766971917838,322.37709664900405,322.3773398957403,322.3774880191734,322.3775782179219,322.37763314383113,322.37766659058724,322.3776869577599,322.3776993602103,322.3777069125969,322.3777115115715,322.3777143120849,322.37771601743907,322.3777170559024,322.37771768826775,322.3777180733419,322.3777183078304,322.3777184506204,322.37771853757175,322.37771859052043,322.37771862276276,322.3777186423966,322.37771865435195,322.3777186616326
0.2200500186477973,0.5407691170842228,0.0,140.21211665266216,212.09104569451188,251.4978905046073,274.8305549825657,288.9707264101911,297.58148255445036,302.8279597691039,306.0240580972285,307.97072924628475,309.1562714467266,309.87823714307103,310.31788400665937,310.58560698789177,310.74863590676756,310.84791148133127,310.90836472449786,310.94517732889756,310.96759411605353,310.9812446658187,310.98955707466024,310.99461885902946,310.99770119789355,310.9995781669946,311.00072113445174,311.00141713664283,311.00184096240304,311.00209904819235,311.00225620776365,311.0023519090072,311.00241018562275,311.0024456727685,311.002467282422,311.0024804414728,311.00248845458594,311.00249333411693,311.0024963054732,311.00249811486094,311.00249921667444,311.0024998876168,311.00250029618223,311.00250054497553,311.0025006964765,311.00250078873205,311.00250084491034,311.0025008791194,311.00250089995154,311.0025009126362,311.0025009203608,311.00250092506514
0.2148626372112839,0.4252605994056927,0.0,142.5946550349951,213.74925099410032,252.44096390545315,275.3079400527909,289.1606635614169,297.5958093654073,302.73526287613237,305.86617923865504,307.7731588687757,308.9345325671802,309.64178188461835,310.0724677549297,310.3347342130194,310.4944405172752,310.5916928525771,310.65091407776725,310.686976461999,310.7089364115826,310.7223087749369,310.7304517848172,310.7354104151773,310.73842993925876,310.7402686577918,310.74138833285474,310.74207015131486,310.7424853399937,310.74273816629466,310.7428921231384,310.742985874102,310.74304296310834,310.743077727068,310.7430988963429,310.7431117872275,310.74311963704315,310.7431244171344,310.7431273279381,310.74312910045285,310.7431301798125,310.74313083708205,310.7431312373211,310.74313148104466,310.74313162945793,310.74313171983346,310.7431317748666,310.7431318083791,310.7431318287861,310.7431318412128,310.74313184877985,310.7431318533884
0.3725036952433033,0.3904497183063058,0.0,97.79876281771021,179.5660745345492,233.13831249932124,266.4107797321539,286.795150603483,299.2342563326697,306.8150966851626,311.43294447352133,314.2453619349408,315.9580770476557,317.00105488536803,317.6361781828403,318.0229348214186,318.25844842257345,318.40186306185257,318.48919450232137,318.54237441079687,318.57475796080047,318.59447770499384,318.60648590934244,318.61379822357685,318.6182510074092,318.62096249968283,318.62261364434903,318.6236190975883,318.6242313614514,318.6246041953354,318.62483122997395,318.6249694811612,318.625053668273,318.6251049334384,318.6251361510088,318.62515516073495,318.62516673657683,318.62517378560625,318.6251780780644,318.6251806919274,318.6251822836219,318.62518325287266,318.62518384309124,318.6251842025011,318.6251844213613,318.625184554634,318.6251846357901,318.6251846852099,318.62518471530325,318.6251847336286,318.62518474478776,318.6251847515836
0.8209652977910742,0.6742349854112815,0.0,182.76366408649997,255.1996893743389,290.55292725085025,310.6114627056625,322.57390621454675,329.81121555117903,334.2085432745111,336.8840231456706,338.5126810132685,339.5042944332808,340.1080905350255,340.47575676871736,340.69964136589493,340.8359734059522,340.9189915802768,340.969544838903,341.0003288700842,341.01907458491866,341.0304896559018,341.03744078378236,341.0416736249254,341.04425118430584,341.04582077132966,341.04677656054935,341.0473585818236,341.0477129996811,341.047928820003,341.04806024230635,341.04814027101577,341.04818900395026,341.0482186795361,341.0482367502803,341.0482477543357,341.0482544551804,341.0482585356137,341.0482610203653,341.0482625334376,341.0482634548124,341.04826401587854,341.04826435753586,341.04826456558453,341.04826469227515,341.04826476942213,341.0482648164,341.04826484500734,341.0482648624278,341.048264873036,341.0482648794955,341.04826488342843
0.1000217017572066,0.220224124653228,0.0,208.50093287082257,255.70929419216168,276.0080913445747,287.45147622996194,294.3202734233786,298.49536495353937,301.0384906503016,302.58773797826126,303.53138219857436,304.1060857510252,304.4560712603909,304.66919961375066,304.7989847733059,304.87801719368224,304.92614364140286,304.95544997491686,304.97329588687336,304.9841630399907,304.99078052108837,304.994810191871,304.99726403267965,304.99875828238453,304.9996681955678,305.00022228099203,305.00055968752423,305.0007651489247,305.0008902632378,305.0009664507422,305.00101284460015,305.0010410958227,305.0010582992114,305.0010687750961,305.00107515431404,305.0010790388961,305.00108140438607,305.0010828448333,305.0010837219846,305.0010842561202,305.001084581378,305.00108477944156,305.00108490005124,305.0010849734952,305.0010850182189,305.00108504545284,305.00108506203696,305.0010850721353,305.00108507828514,305.0010850820299,305.00108508430975
0.2198513132955535,0.9001602875078192,0.0,140.4046049708282,212.19081762416278,251.55125870901304,274.85920483724556,288.9845502488279,297.5861588070493,302.82698705835475,306.01960878411927,307.9641468403715,309.14838318096747,309.8695506872477,310.30871019860643,310.5761358442916,310.73898345594193,310.8381485169037,310.8985344164253,310.93530599174426,310.9576977854921,310.97133311173775,310.9796362485903,310.9846923860859,310.98777128599266,310.9896461608199,310.9907878529184,310.9914830784617,310.99190643127423,310.99216422906056,310.9923212132523,310.9924168076982,310.9924750192798,310.99251046682303,310.99253205236187,310.9925451967273,310.9925532008982,310.9925580749837,310.992561043024,310.9925628503915,310.99256395097603,310.9925646211697,310.99256502927915,310.99256527779477,310.9925654291265,310.99256552127895,310.99256557739494,310.992565611566,310.9925656323745,310.99256564504606,310.9925656527614,310.99256565746015
0.7811837800305095,0.1049628954033052,0.0,160.21423169239242,238.18536954513795,279.17379988413006,302.8810688385856,317.0866684473158,325.69187906474366,330.92227801572517,334.1050325691829,336.04258645209495,337.22230108854393,337.9406419958104,338.37806076243953,338.6444213712273,338.8066192261119,338.90538837051326,338.96553314737463,339.00215790068603,339.02446029786,339.0380411926537,339.0463111869542,339.0513471440197,339.0544137558871,339.0562811483123,339.05741828419474,339.05811073532385,339.05853239870413,339.0587891677342,339.05894552547716,339.05904073845375,339.0590987177439,339.0591340238346,339.05915552323626,339.05916861515055,339.05917658738116,339.0591814420164,339.0591843982131,339.0591861983698,339.05918729456187,339.05918796208084,339.05918836856205,339.0591886160857,339.05918876681415,339.0591888585983,339.0591889144907,339.0591889485254,339.05918896925044,339.0591889818704,339.05918898955656,339.0591889942361
0.8927118345406134,0.779525788215727,0.0,235.15744049789657,290.2440767211259,313.15839201733655,325.72777430484825,333.16895887103453,337.66272103662897,340.39171138578183,342.05185648371963,343.062388196176,343.67764001053615,344.05226492682044,344.2803821925575,344.4192903205338,344.5038767833664,344.55538491816617,344.58675037605485,344.605850133984,344.61748079268887,344.6245631996402,344.62887598166736,344.63150222026104,344.6331014500612,344.6340752900035,344.63466830312734,344.63502941438753,344.6352493106068,344.63538321489915,344.6354647549994,344.6355144082831,344.63554464430973,344.6355630563306,344.6355742682047,344.6355810955976,344.6355852530922,344.63558778477045,344.63558932641797,344.6355902651949,344.6355908368553,344.63559118496397,344.63559139694314,344.63559152602625,344.63559160462995,344.6355916524954,344.63559168164267,344.6355916993922,344.63559171020046,344.6355917167821,344.635591720789,344.6355917232294
0.7438557696191305,0.6436573227383221,0.0,142.22002463289596,223.75484131940132,269.3072769980964,296.0988454560662,312.2213599329568,321.9987825932386,327.94354187818965,331.56132374377523,333.76376533568566,335.104769614654,335.9213212233794,336.41854232097614,336.7213181163195,336.9056903046366,337.0179621650175,337.08632924469197,337.12796087656375,337.1533121622402,337.1687496498476,337.17815020058003,337.18387460090446,337.1873604349936,337.189483109661,337.19077569780285,337.1915628104703,337.1920421173247,337.1923339879432,337.1925117205534,337.1926199496074,337.192685854947,337.19272598755185,337.1927504260266,337.19276530766723,337.19277436974096,337.19277988802844,337.19278324835176,337.1927852945975,337.1927865406453,337.19278729941664,337.19278776146615,337.1927880428273,337.19278821416094,337.1927883184933,337.19278838202524,337.1927884207127,337.1927884442715,337.1927884586173,337.1927884673531,337.19278847267293
0.7858820943298689,0.5421434948672883,0.0,162.51881400143125,240.0405208213419,280.44444782598487,303.7536892127018,317.71107397010064,326.16423245421544,331.3018628813042,334.42807679212865,336.33118187616475,337.4899111187791,338.1954695469908,338.62510291970847,338.8867219592274,339.04603215513316,339.14304274139835,339.2021165956173,339.23808919124997,339.2599944497683,339.27333350456513,339.28145622980577,339.28640250740045,339.2894145091368,339.29124864690766,339.2923655325128,339.2930456523382,339.2934598066405,339.29371200306093,339.2938655763418,339.2939590937377,339.29401604051554,339.29405071786465,339.29407183439855,339.29408469316706,339.2940925234258,339.2940972916087,339.2941001951605,339.2941019632586,339.2941030399301,339.2941036955614,339.2941040948043,339.2941043379197,339.2941044859636,339.29410457611397,339.29410463101055,339.29410466443863,339.294104684795,339.29410469719113,339.2941047047393,339.2941047093356
0.1786959011098337,0.3317495447567232,0.0,159.4599839466739,225.4689586179438,259.1152437401367,278.69857970785586,290.5238115216512,297.7198133175219,302.10384619168457,304.7745739794419,306.4012836339941,307.3919789983785,307.9952925671555,308.3626869500511,308.5864123941195,308.72264940623455,308.8056102845028,308.85612883101885,308.8868917822029,308.9056246801059,308.9170319532887,308.9239783353619,308.9282082875936,308.9307840882023,308.9323526044032,308.9333077416229,308.9338893658982,308.9342435420194,308.9344592151418,308.9345905478125,308.9346705219421,308.93471922163997,308.93474887698756,308.93476693540833,308.9347779319598,308.9347846282336,308.93478870588416,308.93479118894163,308.93479270098214,308.9347936217297,308.9347941824114,308.9347945238355,308.93479473174307,308.934794858347,308.9347949354409,308.9347949823877,308.9347950109748,308.9347950283837,308.9347950389842,308.93479504543865,308.9347950493703
0.3298614227517372,0.8190928864057789,0.0,105.67112378373253,185.84483338530924,236.53661560356818,267.70598848657323,286.75739391402954,298.37811334129736,305.4599631448962,309.7739478122769,312.4013472299958,314.00140149482297,314.9757751838968,315.56912162380155,315.9304379167038,316.1504594498528,316.28444012824866,316.3660267412737,316.4157083389484,316.4459615996459,316.4643841112185,316.47560237130836,316.48243365292484,316.48659351459213,316.4891266336357,316.4906691590216,316.4916084692396,316.49218045573923,316.49252876298794,316.49274086229633,316.49287001871335,316.49294866762807,316.4929965603443,316.49302572428587,316.49304348346783,316.4930542978003,316.4930608831132,316.49306489319486,316.4930673351057,316.4930688220916,316.49306972758126,316.49307027897237,316.493070614739,316.4930708192015,316.4930709437072,316.4930710195244,316.4930710656927,316.4930710938069,316.49307111092645,316.49307112135165,316.4930711276998
0.09516548396504942,0.03934344238303961,0.0,211.93468219850166,257.68887869797277,277.1021619255087,288.02094544685605,294.5721327790438,298.55387381292707,300.97920389871194,302.4566944451421,303.3566344000447,303.9047221459713,304.23849953861287,304.44175794229545,304.5655328475964,304.64090536933605,304.6868031521192,304.71475235862664,304.73177185907286,304.74213577537563,304.7484468142393,304.75228987929563,304.7546300879027,304.75605514209207,304.7569229191544,304.75745134608337,304.7577731280542,304.757969074986,304.7580883955296,304.7581610549578,304.7582053004188,304.75823224338836,304.7582486501263,304.75825864089603,304.75826472470715,304.75826842940216,304.7582706853508,304.7582720590957,304.75827289562784,304.75827340502775,304.75827371522513,304.75827390411547,304.7582740191402,304.7582740891829,304.75827413183566,304.7582741578086,304.75827417362495,304.7582741832561,304.7582741891205,304.75827419269115,304.7582741948659
0.03932585744051309,0.904830655361583,0.0,259.27847839050446,282.0800393240404,290.37618392456415,294.96075012354663,297.7038728965623,299.37019887169515,300.3850549904292,301.0032759014695,301.37982898990384,301.6091577965666,301.7488146425357,301.8338601392575,301.885648659599,301.9171850884564,301.93638901845515,301.9480831268508,301.95520417425615,301.9595404865988,301.9621810537633,301.96378900875163,301.9647681617755,301.96536441022886,301.96572749160595,301.9659485875069,301.9660832223333,301.9661652072851,301.9662151314584,301.9662455324407,301.9662640449101,301.96627531795144,301.96628218259235,301.9662863627687,301.9662889082577,301.9662904583164,301.9662914022132,301.966291976994,301.9662923270021,301.96629254013675,301.966292669924,301.96629274895713,301.96629279708384,301.96629282639003,301.9662928442356,301.96629285510346,301.9662928617208,301.96629286575046,301.9662928682045,301.96629286969835,301.9662928706087
0.6310677843117053,0.1136506574027524,0.0,106.10830782694327,191.4166763129945,245.98246341116936,279.45476999874967,299.84094130061993,312.2472180657,319.7985777933624,324.3958271131591,327.1949647592017,328.8993889743233,329.93726185320645,330.56926118798066,330.95411141125356,331.18846305332676,331.3311698676518,331.4180702280592,331.4709876255574,331.50321132250366,331.5228337270918,331.5347826583139,331.5420588791931,331.54648968452005,331.5491877932717,331.55083078819723,331.55183127873465,331.5524405206075,331.5528115142762,331.5530374283307,331.55317499714687,331.55325876873513,331.5533097808698,331.5533408443592,331.55335976025845,331.55337127896473,331.55337829320297,331.5533825644747,331.5533851654368,331.55338674927344,331.5533877137413,331.5533883010474,331.5533886586833,331.5533888764624,331.5533890090784,331.5533890898332,331.55338913900937,331.5533891689543,331.55338918718877,331.55338919829313,331.55338920505466
0.6310677843117052,0.8863493425972477,0.0,106.09715860996307,191.41289226885092,245.9837093024129,279.45753512983066,299.8435929019589,312.24927487769054,319.80002785267686,324.39679753561904,327.19559418574187,328.89978916941476,329.93751296836194,330.56941735569603,330.9542079341984,331.1885224550471,331.33120631365205,331.41809254152844,331.4710012657328,331.50321965161385,331.5228388091309,331.53478575740456,331.54206076829894,331.5464908357267,331.54918849466264,331.55083121546636,331.5518315389895,331.55244067911843,331.5528116108146,331.55303748712316,331.55317503295026,331.55325879053817,331.55330979414714,331.55334085244453,331.553359765182,331.5533712819635,331.5533782950286,331.5533825655868,331.55338516611306,331.5533867496867,331.55338771399266,331.55338830120024,331.55338865877593,331.55338887652,331.5533890091129,331.55338908985436,331.55338913902165,331.55338916896176,331.5533891871937,331.5533891982955,331.5533892050562
0.8488263934074674,0.6368485039563713,0.0,201.11412450644596,268.1652405167346,299.03896546576755,316.31842307721473,326.59130734863413,332.8015505116652,336.57401877392715,338.86915969418254,340.26626031375724,341.1168823218934,341.6348267222998,341.95021536694844,342.1422662600471,342.259213504469,342.33042748062746,342.3737926678426,342.40019957743107,342.41627987608905,342.4260718609687,342.4320346220258,342.43566560410625,342.43787666559626,342.4392230762684,342.44004296378915,342.44054222866225,342.44084625257784,342.4410313858548,342.44114412149366,342.44121277108724,342.44125457478646,342.44128003086274,342.44129553216476,342.4413049715769,342.4413107196423,342.44131421988675,342.4413163513375,342.441317649269,342.44131843963623,342.44131892092486,342.4413192140012,342.44131939246864,342.441319501145,342.441319567323,342.4413196076225,342.44131963216176,342.44131964710436,342.4413196562038,342.4413196617453,342.4413196651198
0.1803220832230492,0.9226073834779369,0.0,158.5633063520943,224.87910945941024,258.78464702918546,278.52954250012004,290.4530304231728,297.7086852706723,302.1289490341981,304.8216943825901,306.46179072915356,307.4606284258689,308.0688960004851,308.43930521894873,308.66486569828896,308.8022197774466,308.88586072542563,308.9367933251817,308.9678083802876,308.98669478156603,308.9981955236246,309.00519882031926,309.0094634291767,309.0120603331983,309.01364169995867,309.0146046623423,309.01519105165585,309.01554812939514,309.01576556943036,309.01589797804706,309.0159786073647,309.01602770603466,309.01605760433205,309.01607581069663,309.0160868973364,309.01609364846973,309.01609775952556,309.01610026292576,309.01610178735365,309.01610271564334,309.01610328091965,309.0161036251401,309.0161038347513,309.0161039623922,309.0161040401187,309.016104087449,309.0161041162712,309.0161041338221,309.0161041445098,309.01610415101777,309.0161041549804
0.3521832340357358,0.1604382443286956,0.0,101.08640535600729,182.18368971249186,234.51405452839163,266.87612450180603,286.68364140917885,298.7689627043615,306.1342890166908,310.6209820585736,313.3535752765421,315.0176978513897,316.0310913091399,316.64820146459994,317.0239898911687,317.2528247706555,317.3921725661551,317.4770275783762,317.5286995031121,317.56016478537043,317.579325360418,317.59099306414936,317.5980980335613,317.60242455648944,317.6050591631829,317.6066634889612,317.6076404321839,317.6082353350794,317.60859759712605,317.60881819411844,317.60895252514666,317.6090343251048,317.60908413662924,317.60911446901537,317.6091329397144,317.60914418731977,317.60915103647136,317.60915520721625,317.60915774696196,317.6091592935232,317.6091602352906,317.60916080877394,317.6091611579923,317.60916137064663,317.6091615001406,317.6091615789957,317.60916162701346,317.60916165625366,317.60916167405935,317.60916168490155,317.60916169150426
0.5724820045062731,0.3639920011933794,0.0,95.69386659049002,180.98905213414622,237.86516722362796,273.24840670867206,294.8935964262306,308.0844780578141,316.1171860897476,321.00831717822973,323.98658936594194,325.8001390162684,326.90447341863165,327.5769464399606,327.9864433209364,328.23580343375244,328.3876495359445,328.4801151834779,328.5364215125188,328.57070886994705,328.5915879234812,328.60430208109517,328.61204428071807,328.61675884032877,328.61962973918236,328.6213779534011,328.622442516482,328.62309077488027,328.6234855273902,328.62372590922627,328.6238722880979,328.6239614245079,328.62401570351415,328.6240487563417,328.6240688836357,328.624081140013,328.62408860344993,328.6240931482589,328.62409591578836,328.6240976010569,328.62409862729,328.6240992522073,328.62409963274604,328.6240998644733,328.62410000558174,328.6241000915085,328.62410014383306,328.62410017569607,328.6241001950985,328.62410020691345,328.6241002141082
0.3566142742432238,0.4377037458774573,0.0,100.27841051974131,181.53810910100069,234.16606124858572,266.74541346603326,286.69032715314904,298.859795771105,306.2763256349866,310.7941525471882,313.54568206617733,315.2213262321222,316.2417317246249,316.86311015776664,317.241497024464,317.47191390796826,317.61222492548967,317.6976664294946,317.74969547017184,317.78137820517793,317.8006711919734,317.8124195249142,317.8195735920493,317.82393001231253,317.8265828246149,317.8281982364985,317.829181930498,317.82978094421725,317.8301457095163,317.8303678308447,317.83050309010434,317.83058545530304,317.8306356110267,317.8306661530105,317.83068475134246,317.8306960766686,317.8307029731484,317.8307071727125,317.8307097300084,317.8307112872563,317.8307122355318,317.8307128129776,317.83071316460905,317.8307133787324,317.8307135091219,317.8307135885209,317.83071363687117,317.8307136663135,317.83071368424146,317.83071369515955,317.8307137018076
0.1533583277005049,0.3616708407912892,0.0,173.51134083462617,234.63974161429616,264.28715176573496,281.3637668705156,291.65398744931485,297.9133487855632,301.726491548078,304.04942720278876,305.4643071023512,306.3259973705435,306.85075040740065,307.17030476889767,307.36489801543524,307.4833950663509,307.555553280742,307.59949360662597,307.6262507908972,307.6425444027659,307.65246628875576,307.65850815420265,307.66218730712063,307.66442770221306,307.6657919755037,307.6666227403956,307.66712862898976,307.66743668638526,307.66762427582614,307.66773850713037,307.6678080675007,307.66785042581125,307.6678762196133,307.66789192657274,307.6679014912184,307.66790731554283,307.6679108622262,307.66791302195395,307.6679143371059,307.66791513795823,307.6679156256321,307.6679159225977,307.6679161034326,307.6679162135515,307.66791628060673,307.66791632144003,307.667916346305,307.6679163614468,307.6679163706672,307.6679163762812,307.66791637970056
0.6404119962284867,0.1530963842662046,0.0,108.07961841532466,193.3428289746823,247.44928052948768,280.55116920573016,300.69510328106554,312.95082104069513,320.4099055859493,324.95083771144584,327.71565138920124,329.39916650943553,330.42430478928225,331.04854884571006,331.42867634981144,331.6601520606309,331.8011075744111,331.8869414844237,331.9392094712589,331.9710377128477,331.99041930712275,332.0022215983558,332.0094085237326,332.01378495313986,332.0164499500324,332.01807278171077,332.0190609939752,332.0196627590751,332.02002919981476,332.02025234139415,332.02038822193026,332.0204709654516,332.02052135155185,332.0205520338221,332.0205707175805,332.0205820949267,332.02058902308374,332.0205932419375,332.0205958109796,332.0205973753804,332.020598328011,332.0205989081095,332.0205992613559,332.0205994764635,332.0205996074517,332.0205996872156,332.0205997357879,332.02059976536486,332.0205997833763,332.02059979434375,332.0205998010226
0.8149537544412608,0.08130317275417936,0.0,178.8935364087743,252.41970561183632,288.72512548864614,309.3802430734701,321.70660230380065,329.165482523728,333.69774077150674,336.4554035402403,338.13411915696895,339.15622219358016,339.7785883935974,340.1575644939288,340.3883369530123,340.52886366859093,340.6144363221285,340.6665451844123,340.69827652113463,340.71759910498525,340.72936546246586,340.73653050651336,340.7408936116076,340.74355049483967,340.7451683858029,340.7461535894735,340.7467535225192,340.74711884764696,340.7473413098829,340.7474767767391,340.7475592683529,340.7476095010557,340.74764008991565,340.74765871679256,340.74767005950116,340.74767696656676,340.74768117257594,340.74768373379703,340.7476852934344,340.74768624316545,340.74768682149727,340.7476871736693,340.74768738812094,340.74768751871096,340.74768759823235,340.74768764665646,340.7476876761433,340.7476876940994,340.74768770503425,340.7476877116927,340.7476877157472
0.7044321270674021,0.7106207948999339,0.0,126.75195266759476,210.50372385652898,259.98717173331323,289.58034187839525,307.4700338376731,318.33288654843096,324.940082243571,328.96149301778945,331.40976352610664,332.900470961825,333.808184446128,334.36091803472823,334.69749772673555,334.9024545193671,335.02726120693904,335.1032612704877,335.14954094933114,335.1777226284919,335.1948836635232,335.20533375607005,335.21169726743307,335.2155722836946,335.21793194812875,335.2193688495427,335.2202438407779,335.2207766606788,335.22110111769894,335.22129869357445,335.2214190060474,335.22149226950233,335.2215368827813,335.2215640497312,335.2215805928591,335.22159066668263,335.22159680106927,335.221600536562,335.2216028112642,335.22160419642876,335.2216050399148,335.2216055535504,335.22160586632486,335.22160605678664,335.2216061727672,335.22160624339267,335.2216062864001,335.22160631258873,335.22160632853587,335.22160633824683,335.2216063441605
0.7778942118708383,0.5051219482017013,0.0,158.27736288747383,236.75200869890145,278.2250277276909,302.23916895175154,316.63187421300404,325.35080622975187,330.6503450105799,333.87515478156615,335.8382981632797,337.03358700272383,337.76140814961803,338.2045983086244,338.47447270272846,338.63880996418783,338.73888175961423,338.79981972188824,338.8369274559748,338.8595239504605,338.87328392919045,338.8816629734111,338.8867653347935,338.8898723827284,338.89176439824985,338.89291652812386,338.8936181097093,338.8940453330033,338.89430548769883,338.8944639071164,338.89456037553447,338.8946191193167,338.8946548909397,338.89467667382405,338.89468993836186,338.89469801571215,338.8947029343583,338.894705929534,338.8947077534265,338.8947088640733,338.89470954039376,338.89470995223445,338.8947102030211,338.8947103557368,338.89471044873187,338.8947105053608,338.8947105398445,338.8947105608435,338.8947105736305,338.8947105814168,338.89471058615857
0.2978029187013648,0.2867888873975731,0.0,113.36161140734605,191.91862793955335,239.94567781629485,269.2029091423477,287.04765129105436,297.92829588719695,304.55906109888934,308.5984223917485,311.0586443601517,312.5569207726683,313.46932713996625,314.02494284635895,314.3632848269277,314.5693169550886,314.6947791526319,314.77117861083866,314.8177015759254,314.84603143051345,314.8632827064912,314.8737877547801,314.88018473274354,314.8840801289594,314.88645220392067,314.88789666276665,314.8887762561025,314.88931187844537,314.88963804200284,314.88983665706667,314.8899576023488,314.8900312511499,314.8900760990817,314.8901034089237,314.8901200390636,314.89013016587313,314.89013633252506,314.89014008766554,314.8901423743321,314.89014376678193,314.89014461470487,314.89014513104195,314.8901454454619,314.89014563692535,314.89014575351587,314.8901458245131,314.89014586774607,314.89014589407253,314.890145910104,314.8901459198666,314.8901459258111
0.5000000000000003,0.5000000000000004,0.0,90.02309615815521,174.50862879166266,232.10227095940067,268.23226779209267,290.4014070553166,303.9268664782237,312.1669770080707,317.1853163417739,320.24128658509477,322.102211762359,323.23541136323036,323.92546579268975,324.3456697533444,324.6015500815556,324.75736665413626,324.852250087783,324.9100287041083,324.9452125963248,324.96663758622486,324.97968418690726,324.9876288249282,324.9924666577731,324.99541262290813,324.9972065481766,324.9982989466668,324.99896415523665,324.9993692294343,324.99961589658807,324.99976610286063,324.9998575699405,324.9999132681915,324.99994718525954,324.9999678388247,324.99998041567216,324.9999880742571,324.9999927378996,324.9999955777935,324.9999973071268,324.99999836019276,324.99999900145013,324.9999993919396,324.999999629725,324.9999997745232,324.99999986269654,324.9999999163894,324.999999949086,324.9999999689948,324.9999999811192,324.9999999885018
0.8516956117714563,0.4995968835736588,0.0,203.14171061576266,269.5507884823723,299.9373093966301,316.91987869146175,327.013131934053,333.1143591298861,336.82055140087976,339.0753677154502,340.4479241721353,341.28360416908976,341.79245122953256,342.10230069695325,342.2909787832189,342.4058722785154,342.4758356798377,342.5184393558815,342.5443825561421,342.560180485513,342.5698005250013,342.57565858172313,342.5792258050927,342.5813980412742,342.58272080959347,342.5835263002888,342.5840167983244,342.5843154837382,342.5844973661724,342.58460812223416,342.5846755663791,342.5847166360282,342.5847416451085,342.58475687421816,342.5847661478787,342.58477179501136,342.58477523379406,342.5847773278162,342.5847786029583,342.58477937944616,342.58477985228313,342.5847801402149,342.5847803155483,342.58478042231616,342.58478048733235,342.58478052692294,342.5847805510318,342.5847805657116,342.5847805746523,342.58478058009615,342.58478058341063
0.64064072783585,0.5665021293070077,0.0,108.22013259571301,193.4644371826475,247.53379405492504,280.6086258289156,300.7351187136908,312.9799000561495,320.43219288349144,324.9689300344605,327.7311624852375,329.4130937989958,330.4372622939022,331.06091344312875,331.44067885782806,331.67193361794983,331.81275438371785,331.89850615136703,331.95072407936055,331.9825218209444,332.00188483499375,332.0136758086561,332.02085584084557,332.0252280720648,332.0278905122245,332.02951178687726,332.030499050949,332.0311002386308,332.03146632774576,332.0316892552009,332.0318250053453,332.03190766946454,332.0319580072137,332.0319886600402,332.03200732586924,332.0320186922971,332.03202561380647,332.03202982861063,332.03203239518785,332.0320339580869,332.03203490980354,332.03203548934556,332.03203584225304,332.03203605715385,332.0320361880162,332.0320362677037,332.0320363162291,332.03203634577824,332.03203636377185,332.03203637472876,332.0320363814014
0.2591404243108436,0.1062235261375254,0.0,125.36203068538086,201.12529590405867,245.20758671794908,271.7102395296826,287.82659209851465,297.647663089067,303.6322967869219,307.2781072954495,309.4986783846184,310.85102514184086,311.67457068904105,312.17607602202884,312.481468173109,312.6674358489746,312.7806799836617,312.849639355738,312.89163173949765,312.9172027310839,312.9327740178224,312.9422560488183,312.94803006769166,312.9515461173603,312.9536871918961,312.954990984639,312.95578492032604,312.95626838203555,312.9565627827347,312.9567420560254,312.9568512232672,312.95691769991134,312.95695818040804,312.95698283072915,312.9569978413733,312.95700698200244,312.95701254812565,312.95701593757803,312.9570180015618,312.95701925841036,312.95702002376015,312.95702048981434,312.9570207736152,312.9570209464335,312.95702105167004,312.95702111575343,312.95702115477627,312.95702117853904,312.9570211930087,312.9570212018201,312.9570212071865
0.611273613988548,0.3306218936018487,0.0,101.91171797168795,187.32574017142602,242.8711638122622,277.13067706817395,298.03092994812835,310.7565108346578,318.50348989460605,323.2200978250151,326.09196805038647,327.8406926688914,328.90554385357376,329.55397159598016,329.9488256765354,330.1892690035152,330.3356852526692,330.424844420263,330.47913728974555,330.5121985648724,330.5323310042177,330.5445905163886,330.5520558628665,330.55660183469115,330.55937007318647,330.5610557730924,330.56208226851453,330.5627073458742,330.56308798245124,330.5633197684867,330.56346091300435,330.5635468619907,330.56359920003734,330.5636310709316,330.5636504784942,330.56366229659653,330.56366949314906,330.56367387543975,330.5636765440064,330.5636781690114,330.56367915854713,330.56367976111807,330.56368012804893,330.5636803514895,330.56368048755235,330.5636805704063,330.56368062086085,330.5636806515833,330.56368067029223,330.5636806816845,330.5636806886221
0.1578570374381945,0.6026274926871663,0.0,170.92683158420564,232.99174410260775,263.3642429585852,280.8891139968457,291.45278100611085,297.87876846656354,301.793402889091,304.1781426407935,305.63065492672484,306.51525888439016,307.0539637328911,307.3820132831808,307.5817792963386,307.7034261202116,307.77750230038004,307.8226105284816,307.85007888553616,307.8668055553368,307.87699114640463,307.8831935921168,307.886970528788,307.88927046840854,307.8906710008355,307.89152384543706,307.892043179302,307.8923594240941,307.89255199918983,307.89266926647434,307.892740675582,307.89278415966834,307.8928106390044,307.8928267634144,307.89283658226344,307.8928425613846,307.89284620232894,307.8928484194573,307.89284976956196,307.8928505916993,307.8928510923347,307.89285139719215,307.8928515828338,307.8928516958791,307.89285176471697,307.8928518066354,307.8928518321612,307.8928518477047,307.89285185717034,307.89285186293387,307.8928518664437
0.9185689746905403,0.8147894180620189,0.0,258.3221085348766,304.0195231783584,321.8014372446189,331.4499290130415,337.15001249193284,340.59062174608505,342.6797684373968,343.95062041632053,344.72417788458347,345.19514770532857,345.4819190632215,345.6565401855969,345.76287268664805,345.82762258694254,345.86705142600135,345.8910612930352,345.9056819187422,345.9145850420956,345.9200065356361,345.9233079160323,345.92531826862,345.9265424588903,345.92728792109864,345.92774186517033,345.9280182912876,345.9281866190715,345.9282891211197,345.9283515390374,345.92838954800027,345.9284126932975,345.92842678746763,345.92843537001454,345.9284405962991,345.9284437788084,345.9284457167754,345.9284468968883,345.9284476155093,345.9284480531084,345.9284483195819,345.92844848184933,345.92844858066,345.92844864083116,345.9284486774711,345.9284486997835,345.92844871337013,345.9284487216435,345.9284487266811,345.92844872974933,345.9284487316175
0.1474142522145158,0.6381335179596039,0.0,176.79606300207942,236.80177678134459,265.5110752923686,281.9964276669642,291.92393676487103,297.9617959414852,301.6398661066327,303.8804878779804,305.24522179691456,306.0763682295555,306.58251885815696,306.89074424845586,307.0784383229089,307.1927339733956,307.2623336904117,307.30471600113333,307.330524427327,307.34624029277586,307.35581036112916,307.36163798836657,307.3651866818393,307.36734763430434,307.3686635314465,307.36946483796663,307.3699527880676,307.3702499219316,307.3704308595589,307.3705410402853,307.3706081340825,307.3706489903904,307.37067386955914,307.37068901955763,307.3706982450456,307.3707038628431,307.370707283763,307.37070936690833,307.3707106354247,307.37071140787947,307.37071187826064,307.37071216469604,307.37071233911917,307.3707124453326,307.3707125100106,307.3707125493956,307.37071257337936,307.3707125879835,307.37071259687673,307.37071260229226,307.37071260559014
0.8937764738624747,0.2591404243108437,0.0,235.8873263340835,290.76266887709914,313.49328595856434,325.9511842735743,333.3253519449969,337.77860187398545,340.48302612342025,342.12825123488136,343.1297134065802,343.73944901044985,344.11071768303657,344.3367923965896,344.4744572496057,344.55828685599647,344.60933420730925,344.6404191174948,344.65934805672435,344.6708747048212,344.67789377884395,344.6821679963032,344.68477075196216,344.68635568229246,344.6873208148053,344.6879085256561,344.68826640816036,344.6884843382628,344.6886170453054,344.68869785635053,344.68874706568323,344.6887770313682,344.688795278767,344.6888063903951,344.6888131567454,344.6888172770684,344.68881978610915,344.6888213139743,344.68882224435646,344.6888228109065,344.68882315590304,344.68882336598693,344.6888234939159,344.68882357181656,344.68882361925375,344.68882364814124,344.6888236657317,344.68882367644323,344.68882368296573,344.688823686938,344.68882368935664
0.4895583688575474,0.8944474831847702,0.0,89.84870019842185,174.1762094195136,231.68244813922124,267.767849187798,289.9131586581561,303.42509313216203,311.6572159460002,316.67074139579404,319.7237848937694,321.5829248936629,322.7150347131892,323.4044239415552,323.8242220254042,324.07985481256713,324.23552046913545,324.33031192322375,324.3880344933566,324.4231842407171,324.44458843131537,324.45762236331234,324.46555928546474,324.47039241918736,324.47333552256305,324.47512770506694,324.47621904226224,324.47688360454276,324.47728828517666,324.47753471266935,324.47768477299854,324.47777615120646,324.47783179533985,324.4778656794527,324.47788631295055,324.4778988775778,324.47790652872146,324.47791118783294,324.47791402496705,324.4779157526202,324.4779168046625,324.47791744529667,324.4779178354071,324.4779180729612,324.4779182176184,324.47791830570645,324.47791835934765,324.47791839201136,324.4779184119023,324.4779184240144,324.47791843139
0.6377931626251016,0.8475187344487636,0.0,107.56110193234922,192.8360238140719,247.06285687808582,280.26090671806327,300.4669868086846,312.7609050458043,320.2431898003535,324.7981822633175,327.5715204574416,329.2602084082303,330.28848830907987,330.9146416802996,331.29593017773766,331.5281121284441,331.66949737645734,331.7555928269636,331.80802001419437,331.839945172179,331.8593857709301,331.8712239872281,331.87843278660404,331.88282253501325,331.8854956419737,331.8871234120277,331.8881146313955,331.8887182276139,331.88908578338317,331.8893096039456,331.8894458979403,331.88952889323343,331.88957943264774,331.8896102082769,331.8896289488857,331.889640360851,331.8896473100887,331.889651541779,331.8896541186382,331.8896556877991,331.88965664332903,331.8896572251924,331.8896575795134,331.88965779527484,331.8896579266618,331.88965800666824,331.88965805538845,331.8896580850559,331.8896581031218,331.889658114123,331.88965812082233
0.08130317275417948,0.1850462455587394,0.0,222.67062844313406,263.5814529943016,280.33336035083516,289.70804461659895,295.328180567219,298.7435113366497,300.8237742605856,302.09104763326314,302.86294417500335,303.33305009067743,303.6193376731266,303.7936764594797,303.8998406402261,303.9644891274333,304.0038565474921,304.027829121816,304.04242707467836,304.0513164043666,304.0567295030912,304.0600257733563,304.0620330148974,304.0632553110206,304.0639996199266,304.06445286175745,304.06472886027433,304.06489692768446,304.06499927118193,304.06506159255537,304.065099542728,304.06512265222597,304.0651367245956,304.06514529386965,304.0651505120699,304.06515368965717,304.0651556246268,304.06515680291386,304.0651575204232,304.0651579573453,304.0651582234064,304.0651583854228,304.0651584840818,304.06515854415943,304.0651585807427,304.0651586030202,304.06515861658556,304.06515862484645,304.0651586298765,304.0651586329401,304.06515863480536
0.09919710483912686,0.9018416128900169,0.0,208.79108384523923,255.95007740928662,276.15315614484155,287.52624287158375,294.350283790253,298.49770637813674,301.0238644173915,302.5627373108798,303.5000473535485,304.07088673203873,304.41851616519,304.6302084946396,304.7591186274029,304.83761795724445,304.88541967423765,304.9145282175374,304.93225366562774,304.94304745396016,304.94962025607055,304.953622718138,304.95605998961736,304.9575441492062,304.9584479179348,304.9589982616713,304.9593333896999,304.9595374636085,304.9596617330127,304.95973740601244,304.95978348656666,304.9598115470039,304.95982863421426,304.9598390393544,304.95984537549265,304.95984923384094,304.9598515833559,304.9598530140769,304.9598538853031,304.95985441583224,304.95985473889374,304.9598549356195,304.959855055414,304.9598551283625,304.9598551727841,304.95985519983384,304.95985521630575,304.9598552263367,304.9598552324446,304.9598552361641,304.9598552384292
0.782611945929174,0.2396917024737427,0.0,160.73263642099528,238.64942953722476,279.50546280092493,303.11441495865205,317.2572810323997,325.8238152694294,331.03057413292527,334.19891299661333,336.1276826012109,337.3020459849082,338.01712743431847,338.45256101984194,338.7177126131524,338.879174180012,338.97749493797875,339.037366660382,339.07382513354054,339.0960262731444,339.1095455067783,339.1177779524768,339.122791044375,339.12584373256743,339.1277026462268,339.1288346190066,339.1295239260919,339.12994367492547,339.1301992781038,339.1303549259086,339.13044970657245,339.13050742260845,339.1305425683934,339.1305639701779,339.1305770026476,339.1305849386809,339.13058977127343,339.1305927140486,339.13059450603083,339.1305955972459,339.1305962617341,339.13059666637025,339.1305969127696,339.13059706281325,339.130597154181,339.1305972098186,339.1305972436989,339.1305972643308,339.1305972768941,339.13059728454397,339.1305972892023
0.8395617556713044,0.3521832340357358,0.0,194.52963476226444,263.6760178434599,296.132014081708,314.37221119372185,325.22628341264783,331.789452316862,335.77661067537434,338.20243940139466,339.6791137336152,340.57819144902396,341.1256434104188,341.45900106261655,341.6619943787285,341.78560509440007,341.86087681983713,341.90671297954526,341.93462458613254,341.951621166498,341.9619711178458,341.96827365008284,341.97211153407653,341.97444858732445,341.9758717199258,341.97673832678805,341.9772660411062,341.9775873891255,341.9777830718003,341.9779022314245,341.9779747928607,341.97801897865,341.9780458852833,341.9780622698929,341.9780722471893,341.9780783227955,341.97808202249354,341.9780842753996,341.9780856472909,341.97808648269614,341.9780869914096,341.9780873011874,341.978087489824,341.97808760469377,341.97808767464215,341.97808771723686,341.97808774317474,341.9780877589691,341.97808776858795,341.97808777444476,341.9780877780105
0.6669790278180879,0.4402364567289717,0.0,115.10960051540633,199.94494161792053,252.33413716080543,284.1056863572039,303.3898850539347,315.11336625644816,322.2467054144337,326.588927338869,329.2326519429202,330.8424065093413,331.82262115537634,332.41950662726606,332.78297332987415,333.00430317883587,333.1390802857294,333.22115183342817,333.2711287285809,333.3015618140754,333.32009383264494,333.3313787784207,333.33825066889267,333.34243525954474,333.34498343736385,333.34653513279005,333.34748002708756,333.3480554139941,333.34840579190677,333.3486191521355,333.3487490763833,333.3488281928636,333.34887637030124,333.34890570762224,333.3489235723819,333.3489344510055,333.348941075469,333.3489451093901,333.34894756581855,333.3489490616441,333.3489499725163,333.3489505271863,333.348950864948,333.3489510706266,333.34895119587287,333.34895127214025,333.3489513185837,333.34895134686434,333.3489513640856,333.3489513745728,333.3489513809585
0.8295831790920738,0.8277617148905578,0.0,187.99915924099753,259.0297782061373,293.08906590396805,312.32643246228764,323.78665671308846,330.71813693163585,334.9292864065312,337.4914136569696,339.0510510560877,340.00063571208847,340.57883860571303,340.93091987099825,341.1453140026269,341.2758668321618,341.3553657681864,341.4037759978431,341.4332550403319,341.451206088602,341.4621372516524,341.46879370659497,341.4728471084439,341.4753153993949,341.476818448114,341.47773371926866,341.47829106733803,341.47863046061246,341.47883713181557,341.4789629828249,341.47903961893337,341.47908628596565,341.4791147035354,341.4791320082187,341.47914254578683,341.4791489625675,341.47915287002115,341.4791552494394,341.47915669836897,341.4791575806843,341.47915811796497,341.47915844513835,341.4791586443681,341.4791587656877,341.4791588395643,341.4791588845512,341.4791589119459,341.4791589286271,341.4791589387857,341.4791589449709,341.4791589487377
0.8156199719743821,0.9235640093896786,0.0,179.20295344029054,252.67262571133742,288.90155091147614,309.50299719007677,321.7951274401011,329.23270871696195,333.7518284316083,336.50142047777376,338.17519109121804,339.19426956670907,339.81478811787224,340.1926365288058,340.42272115819543,340.56282852849176,340.64814560708487,340.70009874342554,340.7317352101266,340.75100000522417,340.7627311646197,340.7698747715207,340.77422482107204,340.776873753546,340.7784868026547,340.7794690577812,340.7800671952757,340.7804314269891,340.7806532233872,340.78078828478033,340.7808705294884,340.78092061184026,340.7809511091438,340.78096968026745,340.78098098902575,340.7809878754173,340.780992068838,340.780994622392,340.7809961773623,340.7809971242503,340.78099770085095,340.78099805196763,340.78099826577846,340.7809983959776,340.7809984752601,340.78099852353904,340.7809985529386,340.7809985708412,340.78099858174244,340.78099858838146,340.78099859242377
0.7494791945197191,0.3835570297622031,0.0,144.59495098565407,225.73986804302288,270.6886735735098,297.0586180352235,312.9168309292863,322.53230882575104,328.37835290956923,331.936030110532,334.1018825774718,335.4206123791666,336.2236030516095,336.7125676474511,337.0103162975342,337.19162750284846,337.3020355141659,337.36926766647935,337.41020821438093,337.4351386789759,337.45031991475037,337.45956442456173,337.4651938056596,337.4686217788022,337.4707092196003,337.47198035238875,337.4727543999961,337.4732257509846,337.47351277693934,337.4736875594278,337.4737939920257,337.473858803426,337.4738982698851,337.473922302714,337.473936937341,337.47394584899587,337.4739512756877,337.4739545802339,337.4739565925151,337.4739578178793,337.4739585640574,337.47395901843674,337.47395929512817,337.4739594636177,337.4739595662175,337.473959628696,337.47395966674117,337.4739596899084,337.4739597040164,337.4739597126069,337.4739597178379
0.383557029762203,0.2505208054802808,0.0,96.17208877883246,178.27690410929787,232.47735159296832,266.2113078522719,286.8883521996428,299.5070609174185,307.1973643071095,311.8818558342123,314.73484825066447,316.472269651076,317.5302923080352,318.1745773514228,318.56691318810135,318.80582432217847,318.9513079246471,319.0398992737949,319.09384640772555,319.1266971601318,319.14670140657654,319.1588828577511,319.16630066994924,319.17081769626327,319.1735683086521,319.1752432752866,319.17626323476924,319.1768843321165,319.1772625450943,319.17749285529646,319.1776331011163,319.17771850284663,319.17777050764556,319.1778021756116,319.17782145960155,319.1778332024555,319.17784035318505,319.17784470757385,319.17784735914853,319.17784897380733,319.1778499570422,319.1778505557761,319.1778509203713,319.17785114238933,319.1778512775855,319.1778513599122,319.1778514100444,319.17785144057217,319.17785145916207,319.17785147048204,319.17785147737504
0.09690112006493495,0.4373163593108478,0.0,210.42205969728423,256.9079276188509,276.6829279194849,287.80243143725505,294.4733474001077,298.52770260546964,300.99721633470114,302.50160590993335,303.4179229730663,303.9759817777603,304.3158300740404,304.5227848592512,304.648810434469,304.72555338632105,304.77228563787173,304.8007429681646,304.8180718781136,304.82862420323846,304.83504997061164,304.8389628980384,304.8413456485187,304.84279660814104,304.84368016007573,304.84421819297563,304.84454582442515,304.84474533335043,304.8448668229428,304.84494080319723,304.84498585296643,304.8450132857137,304.8450299906982,304.8450401630835,304.84504635748766,304.84505012952815,304.845052426486,304.84505382520217,304.8450546769413,304.8450551956013,304.84505551143644,304.84505570376194,304.84505582087723,304.8450558921942,304.8450559356215,304.8450559620665,304.84505597817065,304.84505598797693,304.84505599394777,304.84505599758427,304.84505599979803
0.4373163593108479,0.0969011200649349,0.0,90.92782327836177,174.32887693473901,230.8075268295758,266.2057175549891,287.9338356617029,301.1956472859433,309.2772030375004,314.19965905571866,317.197451915536,319.02301557425966,320.13470249041075,320.8116635295401,321.22389658228,321.4749238631544,321.6277854945964,321.7208696483886,321.7775526500597,321.8120693935243,321.83308813543766,321.84588735745865,321.8536813573444,321.85842746073524,321.86131756811454,321.8630774792992,321.86414916519755,321.8648017609987,321.8651991547459,321.8654411449473,321.86558850322285,321.8656782360359,321.8657328782167,321.8657661521982,321.86578641416145,321.86579875254455,321.8658062659182,321.8658108411364,321.8658136271835,321.8658153237276,321.8658163568275,321.86581698592636,321.86581736901155,321.8658176022887,321.865817744341,321.8658178308427,321.8658178835176,321.8658179155935,321.8658179351256,321.8658179470199,321.86581795426247
0.107871615177069,0.4881705662940542,0.0,202.68730795378977,252.42627809839087,274.2051983867316,286.5123187563133,293.9021403711972,298.3941431906517,301.1302963427392,302.7971181000431,303.8123686032596,304.43067867262323,304.8072183677842,305.03651660970917,305.176148199564,305.26117646715085,305.31295400905714,305.3444836340349,305.36368339605156,305.3753749632341,305.3824944639895,305.3868298354756,305.3894698303098,305.3910774370924,305.39205637822784,305.3926524977217,305.3930155006018,305.3932365487168,305.39337115445096,305.39345312168933,305.3935030350775,305.39353342949283,305.3935519379637,305.3935632085702,305.39357007172777,305.3935742510021,305.3935767959419,305.39357834566505,305.39357928935874,305.3935798640144,305.3935802139468,305.39358042703634,305.3935805567956,305.39358063581136,305.39358068392767,305.3935807132277,305.3935807310693,305.3935807419348,305.3935807485509,305.39358075257917,305.3935807550328
0.4373163593108478,0.9030988799350651,0.0,90.9535871654852,174.3585835368968,230.83180258856564,266.2231817890222,287.94563573175674,301.2033404875646,309.28210930113926,314.2027435160483,317.19937253562335,319.02420366548466,320.13543409047816,320.8121125889472,321.2241715918575,321.4750920108326,321.62788818595357,321.72093231256656,321.7775908663623,321.8120926902175,321.8331023328116,321.8458960076771,321.85368662694805,321.85843067055066,321.8613195231146,321.86307866996066,321.86414989032,321.8648022025905,321.8651994236644,321.8654413087096,321.8655886029473,321.865678296763,321.86573291519625,321.8657661747165,321.8657864278728,321.86579876089405,321.865806271003,321.8658108442317,321.8658136290679,321.8658153248754,321.86581635752515,321.8658169863502,321.8658173692692,321.8658176024449,321.8658177444367,321.8658178309007,321.8658178835517,321.86581791561406,321.865817935138,321.865817947027,321.86581795426633
0.9030988799350652,0.4373163593108478,0.0,243.82512845839523,295.6494541477911,316.5825669307932,328.000678702605,334.75287790735393,338.82957663609847,341.305158646988,342.81113307719426,343.7278227775455,344.2859420368571,344.6257803635528,344.8327159285198,344.9587261037067,345.03545863894396,345.0821842553634,345.1106374631622,345.1279638396776,345.1385146156014,345.14493943777677,345.14885178911874,345.15123418865306,345.1526849345291,345.15356835629257,345.15410630992307,345.15443389310036,345.1546333726309,345.15475484432307,345.1548288136783,345.15487385680865,345.15490128551556,345.15491798803805,345.1549281589242,345.15493435241547,345.15493812390105,345.15494042051995,345.15494181903097,345.1549426706438,345.1549431892272,345.15494350501694,345.15494369731294,345.1549438144113,345.1549438857171,345.15494392913854,345.15494395558034,345.1549439716805,345.1549439814858,345.1549439874564,345.1549439910918,345.15494399330635
0.2051013279756507,0.2587725219934048,0.0,146.58709547625432,216.64127105628228,254.09610318838702,276.1365845777462,289.4760737991522,297.5972500743279,302.5453035479214,305.55964105267805,307.3956297033516,308.51377539823045,309.1947023464664,309.60935992493535,309.86186631898966,310.0156294158143,310.10926272819177,310.1662801975627,310.20100063014763,310.22214341204017,310.2350181687397,310.24285816534183,310.2476322782306,310.2505394418322,310.25230973929666,310.2533877498513,310.25404419700953,310.2544439360148,310.254687354345,310.25483558227,310.2549258446491,310.2549808093063,310.2550142796572,310.2550346611987,310.25504707239816,310.25505463011314,310.2550592323317,310.2550620348219,310.25506374137825,310.25506478057434,310.25506541338495,310.255065798732,310.2550660333854,310.255066176276,310.2550662632886,310.2550663162743,310.2550663485396,310.2550663681874,310.25506638015145,310.25506638743724,310.25506639187336
0.2587725219934043,0.7948986720243494,0.0,125.36056857429784,201.13664077619697,245.21531500616106,271.71032367563294,287.82034526731445,297.63701746563555,303.6187690512446,307.26274055510527,309.482155615916,310.83378258727134,311.65688286976643,312.15811400386707,312.4633378398601,312.64920243154387,312.7623835350203,312.8313044111749,312.87327330334983,312.8988299680885,312.9143925210345,312.92386922945934,312.92964000535386,312.93315407943004,312.9352939505899,312.93659701039064,312.93739049969076,312.937873689545,312.9381679246885,312.9383470971584,312.938456203004,312.9385226422601,312.9385630999892,312.9385877364462,312.9386027386472,312.9386118741349,312.93861743712773,312.93862082467354,312.9386228874965,312.9386241436385,312.93862490855753,312.9386253743495,312.9386256579906,312.9386258307119,312.93862593588904,312.93862599993616,312.9386260389372,312.93862606268664,312.93862607714897,312.938626085956,312.9386260913184
0.7436091192028318,0.7935581741400249,0.0,142.10728924967447,223.64241411245098,269.22787892994995,296.04507492594314,312.18383560121873,321.9711686321862,327.92193463901714,331.5433574177107,333.7480082642291,335.09035439452043,335.9077216115726,336.40543871625147,336.70851626833144,336.893072085926,337.00545571224643,337.0738908274998,337.11556387888237,337.140940382184,337.15639322392167,337.1658031235842,337.17153321649783,337.17502251688376,337.1771473022572,337.1784411756664,337.1792290709753,337.17970885440724,337.180001015232,337.1801789245605,337.18028726122435,337.1803532320934,337.180393404601,337.1804178673734,337.1804327638115,337.1804418348947,337.1804473586697,337.1804507223336,337.180452770614,337.18045401790084,337.18045477742663,337.1804552399352,337.1804555215768,337.18045569307986,337.18045579751595,337.18045586111117,337.1804558998378,337.1804559234198,337.1804559377796,337.18045594652415,337.18045595184935
0.7388501546912529,0.2028059779844256,0.0,139.95746630987674,221.87313469815382,268.0047711914452,295.1990450900257,311.5740036440644,321.5063348708476,327.54567473718123,331.2211238501359,333.45870874907564,334.8211246808062,335.65071971134364,336.1558856814347,336.4635004069061,336.65081964809394,336.7648862803506,336.8343463548938,336.8766435939482,336.9024002120969,336.9180845309456,336.92763539085433,336.9334513222289,336.93699289409676,336.9391495101536,336.94046276678125,336.94126246543004,336.9417494364521,336.94204597412323,336.9422265487065,336.94233650836196,336.9424034675408,336.94244424187383,336.94246907112415,336.9424841907263,336.9424933977036,336.94249900423006,336.9425024182858,336.9425044972513,336.9425057632233,336.9425065341283,336.94250700356537,336.94250728942615,336.9425074634994,336.9425075694997,336.9425076340474,336.9425076733541,336.9425076972893,336.94250771186466,336.94250772074,336.94250772614475
0.2740705582055165,0.197890195297473,0.0,120.35612853470616,197.33174625710782,243.03449330313953,270.6568063379921,287.47394687825374,297.7244357035082,303.9709262403511,307.77623768101273,310.0939394003329,311.50543266366714,312.36499460169165,312.88843164944814,313.20717887553445,313.40127899453853,313.51947530876726,313.59145026988296,313.6352789730319,313.66196817747914,313.67822039173524,313.68811706864,313.69414358319403,313.6978133883321,313.700048091187,313.7014088982437,313.70223755240323,313.7027421556863,313.70304943040173,313.7032365432352,313.7033504843131,313.703419867952,313.7034621186436,313.70348784691197,313.70350351396536,313.7035130543092,313.7035188638369,313.70352240150936,313.7035245557496,313.70352586755973,313.70352666637757,313.7035271528123,313.70352744902385,313.70352762939865,313.7035277392375,313.70352780612353,313.70352784685315,313.70352787165456,313.7035278867577,313.7035278959541,313.70352790155437
0.1821230313414318,0.7160028461818913,0.0,157.77562515429875,224.33361426312143,258.4745049790468,278.37380415386116,290.39299307443395,297.70723554754534,302.16324753232414,304.87778212485875,306.53115396855605,307.53807841383133,308.1512714718408,308.5246804986112,308.7520678914246,308.89053454374533,308.9748530231884,309.026198217493,309.05746452638334,309.0765039300628,309.0880978432532,309.0951578764698,309.0994570349054,309.1020749777712,309.1036691560412,309.10463991992873,309.1052310599229,309.10559103056124,309.10581023220965,309.1059437135489,309.1060249960944,309.10607449254286,309.10610463306506,309.1061229869301,309.1061341633904,309.1061409692191,309.1061451135819,309.10614763726267,309.1061491740412,309.1061501098516,309.10615067970707,309.1061510267168,309.1061512380255,309.10615136670094,309.10615144505783,309.1061514927712,309.106151521826,309.1061515395195,309.1061515502944,309.10615155685457,309.1061515608492
0.8021098047025272,0.2740705582055165,0.0,171.24369419923997,246.7442455872635,284.95737283551216,306.830973360138,319.90327895179195,327.81641885458697,332.62517901740813,335.5511653547607,337.33236282111426,338.4168655629592,339.07722763236546,339.47934035576907,339.7242014469671,339.87330724102634,339.96410402704157,340.01939407326574,340.05306256358193,340.073564761053,340.08604943496846,340.0936518923689,340.09828135710023,340.101100438111,340.1028170982568,340.1038624467248,340.10449900452534,340.10488663204177,340.1051226751633,340.1052664120055,340.10535393957025,340.1054072388812,340.10543969513145,340.1054594591417,340.10547149430136,340.10547882302853,340.1054832858071,340.1054860033855,340.105487658236,340.10548866594553,340.1054892795843,340.1054896532545,340.10548988079915,340.10549001936033,340.1054901037371,340.1054901551171,340.1054901864045,340.1054902054565,340.10549021705845,340.1054902241233,340.1054902284258
0.8009112169152327,0.7240148400067097,0.0,170.5241571535176,246.2119307590662,284.6062260282029,306.59436441365506,319.73621632255447,327.6914623941192,332.52574449108346,335.46721987956585,337.25782651790036,338.3480490192845,339.0118897964914,339.41611898189694,339.66226806082705,339.8121578091574,339.9034318226437,339.95901240496465,339.9928577853505,340.01346768572654,340.0260179388555,340.0336603277569,340.0383141074027,340.04114799433273,340.0428736702296,340.0439245086851,340.0445644095359,340.0449540727619,340.0451913555072,340.04533584720554,340.0454238344346,340.0454774136537,340.04551004035125,340.04552990815534,340.0455420065184,340.0455493737336,340.0455538599486,340.0455565917988,340.0455582553398,340.04555926834206,340.0455598852025,340.04556026083566,340.0455604895745,340.0455606288643,340.0455607136837,340.045560765334,340.0455607967855,340.0455608159382,340.04556082760087,340.0455608347021,340.0455608390274
0.4919843088573715,0.4107455438400278,0.0,89.90223804010233,174.26460788173048,231.78594717812086,267.87835853624466,290.02760792381633,303.54201641846254,311.7757390219816,316.7902952325709,319.8439952750916,321.7035487975267,322.8359167301037,323.52546597378574,323.94536276325204,324.20105621685076,324.3567590629601,324.45157327209284,324.5093097465155,324.544467981757,324.5658773501857,324.5789144392167,324.5868532855906,324.59168759182677,324.59463140953636,324.5964240271783,324.59751562941346,324.59818035311537,324.5985851320587,324.5988316194222,324.59898171621154,324.5990731166228,324.59912877427644,324.5991626666229,324.5991833051352,324.59919587281547,324.5992035258186,324.5992081860621,324.5992110238853,324.5992127519588,324.5992138042562,324.59921444504613,324.5992148352509,324.59921507286293,324.599215217556,324.59921530566555,324.5992153593188,324.59921539199115,324.5992154118866,324.59921542400133,324.59921543137904
0.57016306137485,0.4502176251015571,0.0,95.47416624301641,180.74519124943188,237.65596378350372,273.07251481257725,294.74053162553304,307.94581753729483,315.9873933080242,320.88394034614106,323.8655116271737,325.6810692762726,326.786625644884,327.4598423290442,327.8697918364322,328.1194274682942,328.27144129796824,328.3640090604125,328.4203775620058,328.45470277472305,328.4756048780964,328.48833307092445,328.4960838168319,328.50080358048416,328.50367764823307,328.50542779209826,328.506493530211,328.5071425041297,328.50753769234996,328.50777833950684,328.50792487994266,328.5080141147375,328.50806845365355,328.50810154296323,328.50812169247183,328.5081339623767,328.5081414340516,328.5081459838764,328.5081487544614,328.50815044158907,328.5081514689551,328.50815209456243,328.5081524755216,328.5081527075041,328.5081528487681,328.50815293479025,328.50815298717225,328.50815301906994,328.50815303849424,328.50815305032216,328.50815305752445
0.5499636862978993,0.5763019862801373,0.0,93.21681687837271,178.3167492156836,235.62983637072904,271.4123050628132,293.32807404120325,306.68933306919456,314.8269858226986,319.7822878413837,322.79969605237227,324.63708988271304,325.7559461039919,326.4372620830325,326.85214357283564,327.1047824285142,327.25862500177254,327.35230633888864,327.40935293133816,327.4440910568503,327.4652445979127,327.478125900774,327.4859698814423,327.490746419521,327.4936550595628,327.495426255941,327.49650481381633,327.49716159423406,327.4975615361633,327.4978050780569,327.4979533812226,327.4980436894184,327.4980986819752,327.49813216931534,327.49815256120087,327.4981649787004,327.49817254025083,327.4981771448061,327.4981799487178,327.49818165614073,327.49818269586433,327.4981833289968,327.49818371453824,327.4981839493113,327.4981840922751,327.4981841793314,327.4981842323442,327.4981842646261,327.4981842842832,327.4981842962532,327.4981843035425
0.2428929266012408,0.6328501738615814,0.0,131.03509427170732,205.40495715262813,247.6673350142227,272.9159770665013,288.2472339800968,297.58689262057953,303.27779209702845,306.7446088830358,308.85614639354344,310.14208456796234,310.92518559421706,311.40206016347145,311.69245255452137,311.8692857799947,311.97696735662294,312.04253936064345,312.08246899193614,312.1067838679299,312.1215902444078,312.13060648535253,312.1360968631686,312.1394401909479,312.14147608740467,312.14271583256067,312.1434707668576,312.1439304789145,312.1442104174163,312.14438088404677,312.1444846885314,312.1445478995604,312.14458639148205,312.1446098308746,312.14462410413245,312.14463279573397,312.14463808842555,312.1446413113737,312.1446432739662,312.14464446907283,312.1446451968255,312.1446456399849,312.14464590984375,312.1446460741731,312.14464617423954,312.144646235175,312.14464627228017,312.1446462948757,312.1446463086354,312.1446463170143,312.14464632211616
0.650152737372407,0.3537625629175897,0.0,110.6207884700634,195.7416294349455,249.2284389769224,281.8476807283026,301.6791797079774,313.7413543203168,321.08194824780236,325.5505861829915,328.2713403657967,329.9280147375507,330.9368047789827,331.5510923024859,331.92515630255906,332.1529394642258,332.2916463338675,332.37611090859804,332.42754503144283,332.458865490075,332.47793787027734,332.48955186635817,332.49662413010094,332.5009307368318,332.5035532155704,332.50515015606106,332.5061226020426,332.50671476636325,332.50707536077016,332.50729494226323,332.50742865490844,332.507510078307,332.5075596605274,332.50758985328133,332.507608238951,332.50761943477846,332.50762625240094,332.50763040394577,332.50763293200004,332.5076344714413,332.50763540887436,332.5076359797171,332.5076363273277,332.507636539003,332.50763666790135,332.507636746393,332.50763679418935,332.5076368232958,332.5076368410193,332.5076368518123,332.50763685838467
0.184895065719098,0.07623373937026151,0.0,156.25650317715773,223.32004435426322,257.89717231049525,278.0735370173528,290.2634313332982,297.6822065435303,302.2020776935127,304.9555762560656,306.63270558353224,307.6541095307305,308.2761250390599,308.65490867416946,308.8855698602909,309.02603048329587,309.1115633587054,309.1636481301087,309.195364833908,309.2146785175661,309.22643945827014,309.2336012046355,309.237962301862,309.240617962483,309.24223510896513,309.24321985929305,309.24381951628186,309.244184673306,309.2444070331773,309.24454243769804,309.2446248913545,309.2446751009429,309.244705675728,309.2447242940331,309.2447356315232,309.24474253540905,309.244746739484,309.24474929952606,309.2447508584463,309.24475180774016,309.24475238580635,309.2447527378154,309.24475295216837,309.2447530826983,309.2447531621835,309.2447532105849,309.24475324005874,309.24475325800694,309.2447532689358,309.24475327559145,309.24475327964393
0.07623373937026146,0.8151049342809021,0.0,226.85668015160698,265.7707910436615,281.5290801825091,290.33364648493637,295.6101388242224,298.8163011296692,300.7690754610095,301.95865549415936,302.68321752828905,303.1244905292659,303.3932171376039,303.5568609775025,303.65651201770004,303.7171941560188,303.75414620418303,303.77664791563393,303.79035017998825,303.79869407909655,303.8037750384786,303.80686905340343,303.80875313234594,303.80990042918904,303.8105990676837,303.8110244987818,303.81128356212054,303.81144131695993,303.8115373806855,303.811595878032,303.8116314995895,303.81165319109186,303.81166639998423,303.81167444344777,303.811679341461,303.8116823240714,303.81168414031254,303.8116852462997,303.8116859197824,303.8116863298956,303.81168657963167,303.8116867317058,303.8116868243112,303.8116868807018,303.8116869150408,303.81168693595185,303.81168694868495,303.8116869564385,303.8116869611603,303.81168696403574,303.81168696578663
0.5143854413342684,0.3023208224020741,0.0,90.60902732504,175.2937921892705,232.9056625864362,269.01430340078093,291.1618193906964,304.6719156730289,312.90211824727425,317.91428843442526,320.9664708291485,322.8250834437086,323.95687432492764,324.6460712941602,325.06575343704276,325.3213161972066,325.47693948479224,325.5717052645148,325.6294122573113,325.6645525443674,325.68595098544495,325.698981421285,325.7069162166664,325.7117480562682,325.714690372021,325.7164820750931,325.7175731204228,325.71823750500903,325.7186420774525,325.71888843906993,325.7190384592892,325.7191298130732,325.71918544233375,325.71921931739075,325.71923994537434,325.7192525066431,325.71926015574223,325.71926481360856,325.71926764998443,325.71926937717507,325.71927042893697,325.7192710693999,325.71927145940583,325.71927169689695,325.7192718415152,325.7192719295801,325.7192719832061,325.71927201586175,325.7192720357469,325.7192720478554,325.71927205522945
0.4851827256030948,0.7015866407394444,0.0,89.77713670137506,174.03956283666886,231.507697041248,267.57324352305966,289.7081353854071,303.2143600428858,311.44322376246134,316.45483756528773,319.5067416888485,321.3651965130799,322.4968922459711,323.1860305144025,323.60567624946947,323.8612164567193,324.01682581725845,324.11158302408484,324.16928475406564,324.20442181721154,324.22581828655734,324.2388475179314,324.2467815781874,324.25161296940234,324.2545550117885,324.25634654825353,324.2574374920671,324.25810181480864,324.2585063495798,324.2587526882521,324.2589026944963,324.2589940397701,324.2590496638469,324.2590835357478,324.25910416180886,324.25911672190745,324.259124370294,324.2591290277259,324.25913186383764,324.25913359086803,324.25913464253165,324.2591352829347,324.2591356729038,324.25913591037283,324.2591360549779,324.25913614303437,324.2591361966557,324.25913622930756,324.2591362491916,324.2591362612993,324.2591362686719
0.3500379701394862,0.6549912099466619,0.0,101.43026998681404,182.46651989878785,234.66787554812902,266.9324231155455,286.67704321560166,298.7233342765011,306.06469031196224,310.5367118387672,313.26033904691616,314.91898766781844,315.92904146822093,316.5441151422866,316.9186622171709,317.14674063181894,317.2856275399919,317.3702017910896,317.4217027013038,317.4530638248375,317.4721609641076,317.4837900350962,317.4908714776289,317.4951836732645,317.4978095551194,317.4994085678196,317.5003822756167,317.5009752082936,317.50133627057687,317.5015561369763,317.50169002311156,317.50177155215624,317.501821198708,317.5018514306351,317.5018698401595,317.50188105051416,317.5018878769825,317.50189203391267,317.50189456524726,317.501896106686,317.5018970453349,317.5018976169185,317.50189796497995,317.5018981769305,317.5018983059958,317.5018983845888,317.50189843244806,317.5018984615913,317.50189847933837,317.5018984901449,317.50189849672614
0.7007113984741302,0.514556277800662,0.0,125.57909761192377,209.44917712088244,259.22402060814653,289.0344550969911,307.0632676296516,318.01207619199477,324.6718748723684,328.7253851796904,331.19322364477875,332.69585451078797,333.6108316929725,334.1679896955384,334.50726412419715,334.71386208051825,334.839668239322,334.9162769655938,334.96292730352144,334.99133470088384,335.0086331889149,335.019166984031,335.02558146615985,335.02948752100866,335.0318660863042,335.03331449732326,335.03419649727795,335.0347335851011,335.03506064104755,335.0352597995238,335.0353810757117,335.0354549260146,335.03549989665026,335.0355272812105,335.0355439568507,335.03555411136716,335.0355602948907,335.03556406030486,335.03556635322826,335.0355677494875,335.03556859973025,335.03556911748035,335.03556943275987,335.03556962474755,335.0355697416576,335.0355698128483,335.0355698561997,335.035569882599,335.0355698986741,335.03556990846215,335.035569914423
0.60889638047222,0.07952071692722767,0.0,101.54819229098946,186.9488383810022,242.57022493380853,276.89573363810945,297.8402273280095,310.593605492624,318.3577175912973,323.08481735992734,325.9630960836101,327.71573036576603,328.78296518555203,329.43284560897234,329.82858478819026,330.06956730306325,330.21631197891816,330.3056711795763,330.3600858751801,330.3932213430625,330.4133989648869,330.425685992066,330.433168094253,330.4377242696291,330.4404987216288,330.44218820525754,330.44321700477695,330.4438434852097,330.44422497618325,330.4444572824998,330.444598743839,330.4446848857531,330.44473734128195,330.4447692837155,330.4447887348427,330.44480057947203,330.4448077921784,330.4448121843067,330.44481485886274,330.4448164875152,330.444817479272,330.44481808319574,330.4448184509513,330.44481867489316,330.4448188112607,330.444818894301,330.4448189448678,330.4448189756604,330.4448189944112,330.4448190058291,330.4448190127822
0.6088963804722197,0.9204792830727724,0.0,101.54186052441791,186.94942048098744,242.57462938486645,276.9006124425504,297.8442419562138,310.5965238067482,318.3597056666261,323.08612119596364,325.9639310603895,327.7162568298104,328.7832936727232,329.4330491025971,329.8287102222225,330.06964435042255,330.216359187819,330.30570005479984,330.36010351449073,330.39323210890706,330.41340553141146,330.42568999541004,330.4331705341221,330.4377257562736,330.44049962730645,330.4421887569367,330.4432173407934,330.4438436898586,330.44422510081745,330.4444573584008,330.4445987900623,330.4446849139011,330.44473735842246,330.44476929415384,330.44478874119875,330.4448005833429,330.44480779453573,330.4448121857414,330.4448148597366,330.4448164880476,330.4448174795962,330.4448180833929,330.4448184510707,330.4448186749662,330.4448188113051,330.4448188943281,330.44481894488416,330.4448189756705,330.4448189944174,330.4448190058331,330.4448190127848
0.9204792830727723,0.6088963804722196,0.0,260.12537924663593,305.0618195770682,322.4521671024165,331.87959259221174,337.44819864146086,340.8093622163535,342.85026938725184,344.0917819769949,344.8474838878736,345.307584080834,345.5877376436648,345.7583293492664,345.8622083382889,345.9254642595876,345.9639833795905,345.9874392917897,346.0017225957812,346.01042031166855,346.01571672472903,346.0189419386569,346.0209059103804,346.0221018574256,346.02283012115055,346.02327359234,346.02354364107464,346.0237080853986,346.02380822264024,346.02386920052766,346.02390633259245,346.0239289439091,346.02394271291575,346.0239510974576,346.0239562031669,346.0239593122536,346.02396120551094,346.02396235839643,346.0239630604388,346.0239634879428,346.0239637482675,346.02396390679,346.02396400332276,346.0239640621051,346.0239640978997,346.0239641196965,346.02396413297043,346.0239641410528,346.0239641459749,346.0239641489727,346.0239641507968
0.07778480030679491,0.6065472562102564,0.0,225.69146464266518,265.1203315834281,281.1718962715241,290.14729182201773,295.52693357013277,298.7958968647571,300.78694934626805,301.99985624570127,302.7386298988714,303.188559544356,303.46255853317115,303.6294133335233,303.7310198189045,303.7928927751256,303.8305699901373,303.8535132982357,303.8674844746857,303.87599212806737,303.8811728054039,303.8843275432905,303.88624859923794,303.88741841305085,303.88813076313204,303.8885645438213,303.8888286915941,303.88898954256604,303.889087491663,303.88914713709227,303.8891834577686,303.88920557499387,303.8892190431273,303.88922724445445,303.88923223859706,303.8892352797458,303.88923713163234,303.8892382593255,303.88923894602647,303.8892393641886,303.88923961882597,303.88923977388527,303.8892398683075,303.8892399258054,303.8892399608182,303.88923998213926,303.88923999512264,303.88924000302814,303.88924000784266,303.88924001077464,303.8892400125597
0.34898384031795,0.3543007328548129,0.0,101.71660564060122,182.68521862928384,234.78876122198528,266.9857728714661,286.6886032354305,298.709561567325,306.0355967028382,310.49834170562804,313.2163439685337,314.8715778149052,315.87955678774534,316.49336900427045,316.86714879360454,317.0947603552604,317.23336314281056,317.3177644533764,317.3691600844992,317.400457113003,317.41951522815395,317.4311205383494,317.4381875130827,317.4424908991635,317.44511141672575,317.44670716297543,317.44767888173294,317.4482706032173,317.44863092796066,317.4488503452441,317.4489839578951,317.44906532040324,317.44911486554435,317.4491450357188,317.449163407639,317.44917459509503,317.44918140761877,317.44918555605847,317.4491880822229,317.4491896205132,317.44919055724387,317.44919112766013,317.44919147501184,317.4491916865282,317.44919181533015,317.44919189376293,317.44919194152425,317.44919197060807,317.4491919883186,317.4491919991026,317.44919200567085
0.2205041027980567,0.4985539289308527,0.0,140.12134999494268,212.00467263686002,251.4466858189925,274.80705275273914,288.96509565748596,297.58689287049447,302.84012195507086,306.04033869905015,307.98952008473805,309.17659185335987,309.8994894022335,310.33970390478737,310.6077726324258,310.77101212965897,310.8704159514786,310.93094729743154,310.9678074652855,310.9902532173312,311.00392140570125,311.01224455573066,311.0173128809942,311.0203992029455,311.02227859754385,311.023423042,311.0241199436046,311.0245443170584,311.0248027363632,311.02496009902654,311.0250559239417,311.02511427586603,311.02514980887076,311.02517144645026,311.0251846225057,311.02519264597487,311.0251975318106,311.0252005070076,311.0252023187326,311.02520342197016,311.02520409377894,311.0252045028731,311.02520475198776,311.0252049036848,311.0252049960594,311.02520505230996,311.0252050865637,311.025205107422,311.0252051201241,311.0252051278587,311.0252051325678
0.8107644956283568,0.3138034082827386,0.0,176.62676393277644,250.67154149147515,287.5491114706272,308.57934210042583,321.13680702072185,328.7366377845093,333.35471660185726,336.1646231692312,337.8751443758738,338.91661181681246,339.55076841912995,339.93692360785656,340.17206747047095,340.31525601377507,340.40244952222616,340.45554537267924,340.4878777202357,340.50756628165396,340.5195554969793,340.5268562480448,340.53130199067397,340.5340091953254,340.5356577291107,340.53666159248917,340.5372728882261,340.5376451325803,340.53787180823,340.538009840814,340.5380938948099,340.5381450789149,340.5381762471241,340.53819522679225,340.5382067843304,340.53821382221463,340.538218107886,340.53822071761556,340.5382223067928,340.5382232745109,340.53822386379744,340.53822422263806,340.5382244411521,340.53822457421495,340.53822465524263,340.53822470458374,340.5382247346293,340.53822475292606,340.53822476406754,340.53822477085157,340.53822477498346
0.3138491490725998,0.1892406105144238,0.0,109.36665983438833,188.76834769826866,238.16821695935582,268.40893873807556,286.8745572919051,298.13626354037774,304.99942530189855,309.18033109933907,311.7267442556539,313.27750499313225,314.2218711163775,314.79694856467637,315.14714172540704,315.3603906035228,315.49024742073215,315.5693229667556,315.61747552385657,315.6467977103789,315.664653261453,315.67552627952824,315.68214733043953,315.68617917445863,315.68863433842796,315.6901293937769,315.6910397975174,315.6915941816484,315.69193177007105,315.69213734222865,315.69226252398613,315.6923387525595,315.69238517142577,315.6924134378776,315.6924306505392,315.6924411320713,315.69244751472826,315.69245140140373,315.692453768168,315.692455209393,315.6924560870164,315.69245662143976,315.6924569468732,315.69245714504376,315.6924572657184,315.692457339202,315.6924573839495,315.69245741119795,315.69245742779145,315.69245743789565,315.6924574440487
0.6669822612775597,0.8234287725891045,0.0,114.97927237406562,199.84113270486372,252.26956773180058,284.06725206338893,303.3670862236996,315.09980226957805,322.23862151019273,326.5841166299709,329.2298067639101,330.84074629716235,331.8216773648248,332.41899686098685,332.78272688730937,333.00421666156336,333.1390909687937,333.221221625073,333.27123447860316,333.301689445216,333.3202347813616,333.3315278338151,333.3384046594915,333.34259225483305,333.34514226208677,333.34669507142723,333.3476406439857,333.34821644389484,333.34856707329305,333.34878058665737,333.3489106041551,333.3489897774175,333.34903798943316,333.34906734780935,333.3490852253906,333.34909611182167,333.3491027410387,333.3491067778556,333.3491092360472,333.349110732946,333.34911164447243,333.3491121995396,333.3491125375441,333.34911274337094,333.3491128687066,333.3491129450293,333.3491129915056,333.34911301980645,333.34911303704035,333.349113047535,333.3491130539255
0.7371160807745867,0.1445147701420366,0.0,139.47006039003895,221.41049126360537,267.6630819880238,294.95248640742443,311.3891461098488,321.359704479638,327.4224440382113,331.11216791978353,333.35845176799774,334.7261667660493,335.55898926868764,336.06612082337966,336.3749325714261,336.5629807693758,336.67749131077795,336.7472217075209,336.78968356033414,336.8155404201594,336.8312857810367,336.8408738123088,336.84671237903456,336.85026773458964,336.8524327441473,336.85375111194935,336.85455392301606,336.8550427893253,336.85534048111896,336.8555217584987,336.85563214611636,336.85569936589997,336.8557402989266,336.8557652248126,336.8557804032599,336.85578964607157,336.85579527441854,336.8557987017614,336.8558007888182,336.8558020597178,336.8558028336237,336.8558033048879,336.8558035918603,336.85580376661113,336.85580387302355,336.8558039378232,336.85580397728285,336.8558040013107,336.85580401594274,336.85580402485334,336.85580403027825
0.1651151358820348,0.2643559605028069,0.0,166.873269440777,230.34382335890098,261.86735977319216,280.1153779407259,291.12243452058163,297.8191711711647,301.89890834478365,304.38426324530576,305.89807118790435,306.82001044837335,307.38145407418233,307.72335170941034,307.93155101497257,308.0583334830224,308.13553708389134,308.1825497785717,308.21117786701086,308.22861075575906,308.2392263977043,308.2456907215591,308.2496271278337,308.252024175684,308.25348384163607,308.2543726952516,308.25491395658355,308.2552435539682,308.25544426003876,308.2555664786262,308.25564090279727,308.2556862228864,308.2557138202432,308.2557306254653,308.2557408588902,308.25574709046384,308.2557508851378,308.2557531958789,308.25575460298836,308.2557554598386,308.25575598161106,308.25575629934076,308.25575649282035,308.2557566106382,308.2557566823828,308.25575672607147,308.25575675267464,308.2557567688746,308.2557567787401,308.25575678474695,308.2557567884049
0.7036511593061302,0.09814706160309328,0.0,126.67317944475525,210.38094308433472,259.8799280620001,289.49550547296894,307.4019006661917,318.27571473067326,324.88983599988774,328.915558160295,331.3664926427091,332.858838718429,333.7675571464339,334.3209057806951,334.6578613501285,334.86304762066806,334.9879943053192,335.0640797320911,335.1104114417435,335.1386248263695,335.1558051777127,335.16626703695005,335.17263771537927,335.17651709677335,335.17887941967444,335.1803179400968,335.1811939172834,335.1817273376022,335.1820521602552,335.18224995878506,335.18237040684573,335.18244375286685,335.18248841642304,335.18251561399046,335.1825321757622,335.18254226093944,335.1825484022399,335.18255214194124,335.1825544192073,335.1825558059328,335.1825566503699,335.18255716458435,335.1825574777113,335.18255766838837,335.1825577844995,335.18255785520427,335.18255789826003,335.1825579244783,335.1825579404435,335.18255795016523,335.1825579560855
0.7356328438664008,0.8361369479693337,0.0,138.89929225734141,220.91685110304869,267.3169888611695,294.71132229242113,311.2135587564368,321.2240368351883,327.31096397506093,331.0153447702083,333.27051903221775,334.6436319093679,335.4797343279694,335.98886003181644,336.298884723754,336.487670929458,336.6026306096431,336.6726343897263,336.7152626663188,336.7412208463551,336.7570278956609,336.76665348737595,336.7725149243901,336.77608420582493,336.7782576950899,336.7795812263936,336.78038718166954,336.7808779625926,336.78117682026334,336.78135880759095,336.78146962752373,336.781537110562,336.7815782038948,336.7816032273982,336.7816184652889,336.7816277442977,336.78163339468676,336.78163683545205,336.78163893068273,336.78164020655873,336.7816409834943,336.7816414566049,336.7816417447019,336.78164192013656,336.7816420269665,336.7816420920206,336.78164213163393,336.7816421557561,336.7816421704454,336.7816421793907,336.7816421848373
0.2665647909129809,0.8351017487863961,0.0,122.88239181747916,199.24782904506822,244.13571424165374,271.1935306349599,287.6564010709896,297.689348137236,303.8029803745526,307.52727790338486,309.7956067509429,311.17701840177165,312.01825534029996,312.530530449898,312.84247935161426,313.03243909044295,313.14811389101857,313.21855328075526,313.2614468587386,313.28756660342947,313.30347203956484,313.31315754414413,313.3190554649326,313.3226469629795,313.3248339809176,313.3261657504179,313.3269767222899,313.32747055803515,313.3277712759192,313.3279543960102,313.32806590573216,313.32813380881277,313.3281751579267,313.32820033718696,313.3282156699242,313.3282250066894,313.3282306922489,313.32823415443113,313.32823626270294,313.3282375465212,313.3282383282932,313.3282388043483,313.3282390942383,313.32823927076555,313.3282393782598,313.3282394437183,313.32823948357793,313.3282395078509,313.32823952263135,313.32823953163233,313.32823953711295
0.5706478152605943,0.3038297050226778,0.0,95.5570220954711,180.8307270517434,237.72284602948338,273.1234864723497,294.7810641038881,307.97992331983664,316.01760431600337,320.91179729708296,323.8919447333641,325.706639987736,326.8116733430138,327.4845725032437,327.8943290846542,328.1438474249553,328.29578991422727,328.3883142711429,328.44465635736594,328.4789654917009,328.4998578073572,328.5125800413828,328.52032715931506,328.5250447139974,328.52791743672447,328.52966676159735,328.5307320010122,328.53138067126326,328.53177567456936,328.53201620912677,328.53216268099715,328.53225187403905,328.53230618753037,328.53233926135806,328.53235940143924,328.5323716656036,328.5323791337819,328.532383681478,328.5323864507668,328.53238813710595,328.5323891639904,328.5323897893054,328.53239017008616,328.5323904019599,328.53239054315804,328.5323906291395,328.53239068149736,328.5323907133801,328.5323907327952,328.53239074461726,328.53239075181716
0.6963072865422366,0.569277002314875,0.0,123.97756649716675,208.04271626899327,258.2244079452529,288.3308328122955,306.5473400368595,317.6115891108554,324.3418606982413,328.4383108218553,330.9322999835789,332.45085483921144,333.3755283980883,333.9385906913025,334.28146037198496,334.490247573675,334.6173868317112,334.6948073276401,334.7419519818119,334.7706603873072,334.78814217114024,334.798787582523,334.80527003241144,334.80921747567356,334.81162124412117,334.81308500240965,334.81397634797185,334.8145191267355,334.8148496481394,334.81505091688166,334.81517347810114,334.815248110916,334.81529355805577,334.8153212327802,334.8153380851143,334.8153483472267,334.81535459627054,334.81535840158284,334.8153607188012,334.815362129855,334.8153629891076,334.815363512343,334.8153638309636,334.8153640249854,334.81536414313405,334.8153642150794,334.81536425888993,334.81536428556825,334.81536430181427,334.8153643117068,334.815364317731
0.2123867442991324,0.6721579769331487,0.0,143.55598834432496,214.45885655286213,252.8492755454459,275.5121290722,289.2373874048993,297.5943280576515,302.68601971981036,305.7878090486043,307.67703623385444,308.8275933370104,309.5282532751907,309.9549254318298,310.2147472647217,310.3729647125765,310.46931032349323,310.5279793633332,310.5637054798131,310.5854606534566,310.5987083164042,310.60677538929275,310.6116877776708,310.61467914272,310.6165007138743,310.6176099471028,310.6182854070541,310.61869672375207,310.6189471922321,310.6190997132941,310.61919258994783,310.61924914654907,310.61928358630365,310.61930455815633,310.6193173288217,310.61932510543096,310.6193298409436,310.6193327246018,310.6193344805856,310.61933554988,310.61933620101934,310.619336597526,310.61933683897644,310.61933698600564,310.6193370755375,310.61933713005874,310.6193371632582,310.6193371834751,310.61933719578633,310.6193372032822,310.61933720784725
0.3497941768475346,0.5353182640617267,0.0,101.56582727501201,182.5683449867401,234.72723787975642,266.96372266883435,286.6911959857107,298.72711203701874,306.062189549081,310.5304066204951,313.25172573313665,314.908972719183,315.9181747230427,316.53273046214196,316.9069624794266,317.1348491894104,317.27361942512704,317.3581226577602,317.4095803342347,317.44091513634504,317.4599962497604,317.47161556296425,317.4786910640208,317.4829996418366,317.4856233207323,317.48722099199534,317.48819388295067,317.4887863182242,317.4891470776202,317.48936675958015,317.4895005334036,317.4895819940556,317.48963159896124,317.48966180552804,317.48968019961023,317.48969140055976,317.4896982213012,317.48970237474583,317.48970490395675,317.4897064441026,317.48970738196334,317.48970795306786,317.4897083008377,317.48970851261015,317.48970864156695,317.48970872009505,317.48970876791344,317.4897087970322,317.48970881476424,317.48970882556165,317.48970883213684
0.8637856101446736,0.9421575972478513,0.0,211.98514054964474,275.46256630003546,303.7467741094573,319.4670156563791,328.798582769818,334.4375631836653,337.86261414910155,339.9463040495466,341.2146683405125,341.9869030132911,342.4571151149377,342.74343762222276,342.9177888386168,343.0239579348723,343.0886086010623,343.12797709004786,343.15195023017736,343.16654849815984,343.1754380090601,343.1808512140774,343.18414754746567,343.1861548267936,343.1873771456545,343.18812146829174,343.1885747184348,343.18885072199157,343.18901879246056,343.18912113781835,343.18918346032154,343.1892214111815,343.1892445210983,343.18925859372297,343.18926716315167,343.18927238144676,343.18927555909073,343.1892774940955,343.18927867240365,343.18927938992624,343.1892798268576,343.1892800929235,343.189280254941,343.18928035360216,343.18928041368054,343.189280450265,343.1892804725425,343.18928048610866,343.18928049436954,343.18928049939984,343.1892805024632
0.1362581855775611,0.05782520451744977,0.0,183.73741865817664,241.09043123363398,267.90332332984707,283.2343478274119,292.4598403025087,298.07010705912825,301.4877115236043,303.56969971845723,304.83783174033164,305.6101546016322,306.08048657014876,306.3669013797708,306.54131454310146,306.6475231117792,306.71219836633884,306.7515820096356,306.77556444036844,306.7901683884035,306.79906136669507,306.80447668652994,306.80777430909455,306.80978237402854,306.8110051715208,306.81174978571994,306.8122032134535,306.8124793251724,306.8126474615136,306.81274984698814,306.81281219392116,306.81285015965955,306.8128732786351,306.8128873567772,306.8128959295649,306.81290114990543,306.8129043287954,306.8129062645594,306.81290744332904,306.81290816113307,306.8129085982355,306.8129088644058,306.8129090264878,306.81290912518716,306.81290918528924,306.81290922188805,306.81290924417414,306.81290925774505,306.81290926600997,306.8129092710423,306.812909274106
0.1326709251488183,0.9451594446320575,0.0,186.0243737995733,242.4895504882733,268.68554939800816,283.641668221425,292.63846440937635,298.1090588740969,301.4414194684398,303.4714214110306,304.70786595145677,305.4608805299913,305.91944974812844,306.19869957200075,306.36874875649465,306.4722995192906,306.53535615210166,306.57375407331625,306.59713622333106,306.6113746205614,306.6200449930854,306.6253247559913,306.6285398309236,306.63049762853126,306.6316898158548,306.63241579010423,306.63285786712424,306.6331270668851,306.63329099422975,306.63339081665987,306.6334516028432,306.63348861817343,306.63351115840413,306.63352488412266,306.6335332423051,306.6335383319632,306.63354143127555,306.63354331858056,306.63354446784166,306.6335451676767,306.63354559383635,306.63354585334304,306.6335460113681,306.63354610759654,306.6335461661943,306.6335462018764,306.63354622360566,306.63354623683665,306.6335462448939,306.6335462498011,306.63354625278816
0.9421747954825503,0.1362581855775609,0.0,281.74818765766497,317.04829422028007,329.8715424167732,336.7710494268861,340.8416589986362,343.29804290781476,344.789486474269,345.69674593242445,346.2489917019939,346.58522179645394,346.78995222381826,346.914617589092,346.9905307157885,347.0367572452011,347.06490651595254,347.08204781058953,347.09248588371963,347.09884207759785,347.1027126389488,347.1050695911278,347.10650484118804,347.10737882696196,347.10791103464885,347.10823511888947,347.10843246777273,347.1085526420261,347.1086258213147,347.10867038334266,347.108697519083,347.10871404320756,347.10872410545977,347.10873023279885,347.1087339639996,347.1087362360895,347.10873761966286,347.10873846217936,347.1087389752248,347.1087392876409,347.108739477884,347.10873959373123,347.10873966427516,347.1087397072343,347.108739733392,347.1087397493217,347.10873975902166,347.1087397649275,347.10873976852497,347.10873977071486,347.10873977204886
0.9451594446320577,0.8673290748511818,0.0,285.25252194976804,318.74793204764745,330.90842083490793,337.4530366402381,341.3140665240986,343.6438666526194,345.05840428619103,345.91886053409013,346.4426083580364,346.7614837771356,346.95564521364975,347.0738741012418,347.14586749664716,347.1897069991638,347.2164026451329,347.2326587374017,347.24255776035284,347.2485856978893,347.25225636739634,347.2544915957527,347.2558527224639,347.2566815711286,347.25718629279294,347.2574936395685,347.2576807962716,347.25779476405995,347.25786416396033,347.2579064245533,347.25793215885096,347.2579478295761,347.25795737215566,347.2579631830441,347.2579667215454,347.25796887629133,347.25797018840865,347.25797098741396,347.25797147396287,347.2579717702426,347.25797195066076,347.25797206052584,347.25797212742634,347.2579721681652,347.2579721929725,347.2579722080794,347.25797221727834,347.25797222287935,347.2579722262916,347.25797222836763,347.25797222963286
0.0548405553679423,0.1326709251488182,0.0,245.26600846777555,275.1785319425458,286.63890442425577,293.0049239882703,296.81706292581595,299.1332091121179,300.543916335562,301.40330225638684,301.92675582362443,302.24555392499536,302.4396975330209,302.55792406013325,302.62991852615187,302.6737594381188,302.70045617830476,302.7167130132948,302.7266125144156,302.73264075234346,302.736311608209,302.73854695138584,302.7399081485539,302.74073704034697,302.7412417883666,302.74154915123216,302.74173631775045,302.7418502915216,302.74191969506984,302.7419619578855,302.7419876935368,302.7420033650867,302.74201290816836,302.7420187193633,302.7420222580502,302.74202441290976,302.7420257250958,302.7420265241433,302.7420270107178,302.7420273070138,302.7420274874412,302.74202759731037,302.7420276642156,302.7420277049569,302.74202772976577,302.7420277448728,302.742027754073,302.7420277596748,302.7420277630858,302.74202776516313,302.7420277664291
0.0577934391654702,0.8637348405214312,0.0,242.4081429569696,273.8404053396352,285.91995908591224,292.62922238990046,296.64650071096935,299.08713526468557,300.57360840228375,301.47912684407055,302.0306700120256,302.366571249815,302.571128589773,302.69569590401306,302.77155126321736,302.8177431056974,302.84587136771273,302.862999890581,302.87343018779796,302.8797816449401,302.88364932053645,302.8860045146842,302.88743869381636,302.8883120272731,302.88884383765,302.88916767991384,302.88936488143105,302.88948496593866,302.8895580905746,302.8896026193201,302.8896297347928,302.8896462465746,302.8896563013109,302.88966242407287,302.88966615248785,302.88966842287977,302.88966980541994,302.8896706473081,302.8896711599698,302.88967147215226,302.88967166225325,302.889671778014,302.889671848505,302.88967189143045,302.8896719175694,302.889671933487,302.88967194317996,302.88967194908247,302.8896719526758,302.88967195486504,302.88967195619773
0.4014615372157421,0.6873706085859663,0.0,93.96229718245547,176.55920710512024,231.65563336909878,266.04529173075866,287.1366247221285,300.00879500646266,307.85324196105927,312.631441584142,315.5414296826194,317.31353229169974,318.3926639388054,319.0497993032711,319.44995871204867,319.693633323231,319.8420173470404,319.93237477505966,319.9873973021586,320.020902886908,320.0413058799168,320.0537301411102,320.06129580907395,320.0659028703858,320.06870830863807,320.07041666096137,320.07145695036553,320.07209042745325,320.0724761789757,320.07271107971894,320.0728541209141,320.0729412248689,320.07299426622393,320.07302656539304,320.0730462337519,320.0730582106633,320.0730655039215,320.07306994510094,320.0730726495268,320.0730742963684,320.07307529920183,320.0730759098695,320.07307628173135,320.07307650817455,320.0730766460651,320.07307673003277,320.07307678116484,320.07307681230094,320.0730768312612,320.0730768428063,320.0730768498375
0.1549344792743477,0.2252665368169183,0.0,172.3594762400819,233.96799427840534,263.91577456162696,281.1691031250373,291.5661738779475,297.8906140917164,301.74343090242905,304.0905469897012,305.5201597290617,306.39082463293335,306.9210439389552,307.243927434322,307.44054813254513,307.5602798689608,307.63318997164964,307.6775881697645,307.7046241786714,307.7210875817023,307.7311128620808,307.73721768936537,307.7409351826962,307.7431989250228,307.7445774154957,307.7454168378631,307.7459279983761,307.7462392660746,307.7464288104086,307.7465442321328,307.7466145174008,307.74665731713355,307.7466833797371,307.7466992503808,307.74670891470015,307.7467147997215,307.746718383365,307.7467205656001,307.7467218944569,307.7467227036557,307.74672319641144,307.746723496472,307.7467236791915,307.74672379045677,307.74672385821157,307.7467238994706,307.7467239245947,307.7467239398934,307.74672394921043,307.74672395488307,307.74672395833767
0.2253806229745932,0.8447710977861227,0.0,137.9062781000223,210.4283865503541,250.54493689098288,274.348846535949,288.7809420987882,297.5701030234176,302.9252825283128,306.18756842347767,308.1745355065397,309.38461074648285,310.121513273915,310.57025470912333,310.8435152661327,311.00991603013995,311.1112447675792,311.17294822647887,311.2105221219367,311.2334024836106,311.24733532018854,311.2558196240222,311.260986081954,311.26413216075446,311.2660479437164,311.2672145465468,311.2679249413101,311.2683575313171,311.26862095403,311.268781363482,311.268879043716,311.26893852542423,311.2689747464032,311.2689968029194,311.2690102340833,311.26901841289947,311.26902339333236,311.2690264261332,311.26902827293645,311.26902939753523,311.26903008235115,311.2690304993655,311.26903075330296,311.269030907937,311.26903100209995,311.26903105944,311.269031094357,311.26903111561916,311.26903112856667,311.2690311364516,311.26903114125247
0.7727623557306763,0.1553894708826994,0.0,155.60336153207905,234.6356182669814,276.7880980697103,301.2576359872426,315.9329016567832,324.824634455291,330.2295316461887,333.51853509510573,335.5207829936024,336.73989062387676,337.48221897605794,337.93424452492536,338.2094997660847,338.3771139237131,338.4791812806024,338.54133447843674,338.5791822448154,338.6022293869677,338.6162637889282,338.62480994323244,338.63001406600563,338.6331830812146,338.6351128314461,338.6362879396839,338.63700351381783,338.6374392577932,338.637704601105,338.6378661800967,338.63796457251766,338.63802448790847,338.63806097297476,338.63808319030596,338.6380967193972,338.63810495784463,338.63810997459063,338.6381130295041,338.6381148897723,338.63811602256976,338.6381167123787,338.6381171324333,338.63811738822386,338.63811754398466,338.63811763883405,338.6381176965925,338.6381177317644,338.63811775318106,338.6381177662229,338.63811777416487,338.6381177790012
0.7761123802130676,0.8445615930077066,0.0,157.29245140490312,235.976874164374,277.7026346704577,301.88504504862993,316.38154885689954,325.1636784599361,330.5016264916004,333.7497852870116,335.72712895878067,336.9310572358844,337.66413599398425,338.110526312993,338.38234880603636,338.54787208138725,338.6486659753443,338.71004360374684,338.74741904730416,338.7701785519278,338.78403779031476,338.79247727616246,338.7976164422457,338.80074590179316,338.80265156455704,338.80381200475694,338.8045186468266,338.8049489516576,338.8052109828272,338.80537054490793,338.8054677091423,338.8055268766356,338.8055629062754,338.80558484627664,338.8055982064906,338.80560634210093,338.8056112962251,338.8056143130047,338.80561615005263,338.80561726870997,338.8056179499079,338.8056183647193,338.80561861731616,338.8056187711331,338.80561886479893,338.805618921836,338.80561895656837,338.80561897771827,338.8056189905983,338.80561899844093,338.8056190032162
0.2334692919289855,0.9403056633099545,0.0,134.66727076246406,208.07054386011646,249.19441970339915,273.6744415937254,288.52691543548906,297.5733393602685,303.0853743712966,306.4432071948417,308.48836142783574,309.7338697334035,310.4923488577745,310.9542290953606,311.2354903694214,311.4067630823898,311.5110585443992,311.5745685629013,311.61324254731124,311.63679279921774,311.651133560244,311.6598662666031,311.6651839874302,311.6684221766813,311.6703940496468,311.6715948080905,311.6723260016769,311.67277125698126,311.6730423921388,311.67320749803184,311.6733080381317,311.6733692613354,311.67340654278496,311.6734292450683,311.6734430694673,311.67345148774103,311.67345661399054,311.6734597355853,311.67346163645914,311.67346279398305,311.6734634988491,311.6734639280728,311.6734641894458,311.67346434860707,311.6734644455264,311.67346450454573,311.6734645404848,311.67346456236925,311.67346457569624,311.67346458381127,311.67346458875346
0.9383913652665513,0.7630764919367511,0.0,277.73463833638425,314.9180863644476,328.56302609283443,335.91054476106564,340.24563364142824,342.86155639880724,344.44982912259474,345.415972060619,346.0040514246079,346.3620946325897,346.58010534089414,346.7128566340699,346.79369323192583,346.8429177120505,346.87289249600695,346.89114539535456,346.9022603600813,346.90902873706284,346.9131502921462,346.915660084216,346.91718840463494,346.9181190647706,346.9186857838357,346.91903088350637,346.91924102957563,346.91936899658117,346.919446921209,346.91949437287707,346.9195232682438,346.9195408638802,346.9195515786213,346.9195581032894,346.919562076442,346.9195644958671,346.91956596915736,346.919566866308,346.9195674126218,346.919567745296,346.9195679478758,346.91956807123495,346.9195681463538,346.9195681920975,346.9195682199516,346.91956823691464,346.9195682472425,346.91956825353253,346.9195682573634,346.9195682596948,346.9195682611156
0.7673744154654716,0.05708449097273627,0.0,153.09618105379099,232.6023778152024,275.39044436124146,300.29383756850154,315.23961274522514,324.29695571632857,329.8028294530334,333.15334238229514,335.1930500381419,336.4349696209006,337.19118955990376,337.6516744686813,337.9320810563512,338.1028321257268,338.2068096989417,338.2701261167504,338.308682220978,338.33216070193754,338.3464577652917,338.3551638657075,338.3604653866823,338.3636937119063,338.3656595785867,338.36685667969897,338.367585646246,338.3680295454417,338.36829985481825,338.36846445786426,338.3685646917605,338.36862572850544,338.36866289641284,338.36868552955553,338.36869931185157,338.3687077044872,338.3687128151248,338.36871592721315,338.36871782229724,338.3687189762963,338.3687196790149,338.3687201069319,338.3687203675082,338.36872052618435,338.36872062281003,338.36872068164837,338.3687207174789,338.3687207392965,338.3687207525826,338.3687207606734,338.3687207655998
0.05977458084419157,0.2336396011418119,0.0,240.80624824224927,273.0181358266669,285.4670025647815,292.3924801888544,296.5408407455368,299.0613983074849,300.5966173339496,301.5318528808133,302.10150535805343,302.44843934523004,302.6597170844963,302.7883775916991,302.8667258283858,302.9144358423489,302.94348864914707,302.9611801951553,302.9719533535784,302.97851359898186,302.9825084170625,302.9849410347612,302.98642236087534,302.9873244043551,302.98787369758935,302.988208185955,302.9884118703601,302.98853590258494,302.98861143115863,302.98865742376705,302.9886854306505,302.98870248524946,302.98871287053146,302.9887191945773,302.98872304556255,302.9887253905928,302.98872681858256,302.9887276881479,302.98872821766287,302.98872854010796,302.9887287364593,302.988728856025,302.98872892883435,302.98872897317125,302.9887290001694,302.988729016609,302.988729026621,302.9887290327176,302.9887290364306,302.98872903869005,302.9887290400667
0.2350726455811377,0.06331209758904555,0.0,134.07897096000755,207.6263161917,248.93487624697644,273.54339114551567,288.4772471409392,297.57402159483036,303.1169729436608,306.493728992714,308.55044630472577,309.80301290700316,310.56579751711575,311.03030277075317,311.31316393811466,311.48541151129893,311.5903008775714,311.65417266818525,311.69306700301144,311.7167514584722,311.7311739517684,311.7399564327851,311.7453044654566,311.74856111373083,311.7505442275597,311.7517518312096,311.7524871932073,311.75293498686875,311.75320766775434,311.75337371491327,311.75347482819376,311.7535364004323,311.7535738944256,311.7535967261356,311.7536106293491,311.75361909561576,311.75362425109057,311.75362739048177,311.7536293021923,311.75363046631566,311.7536311752002,311.7536316068712,311.7536318697335,311.7536320298021,311.75363212727507,311.7536321866299,311.7536322227744,311.7536322447835,311.75363225818603,311.7536322663472,311.75363227131726
0.9366879024109543,0.2350726455811378,0.0,276.3296932678073,314.04733949241944,328.0069073368294,335.5401757242871,339.9870538030507,342.67081268070444,344.30036076234825,345.29163848332627,345.89502705883353,346.2623950843991,346.48608532905786,346.62229574186335,346.7052390271825,346.75574648719123,346.7865025897553,346.8052312929216,346.8166360062573,346.8235808285703,346.8278098309843,346.8303850533158,346.8319532174587,346.8329081403388,346.83348963411595,346.833843730781,346.83405935552327,346.8341906587362,346.83427061492796,346.8343193037031,346.83434895239924,346.8343670067699,346.83437800085443,346.834384695628,346.8343887723641,346.83439125486456,346.8343927665665,346.83439368710634,346.8343942476634,346.83439458900955,346.83439479687104,346.83439492344655,346.8343950005247,346.8343950474605,346.8343950760408,346.834395093445,346.83439510404327,346.834395110497,346.83439511442697,346.8343951168197,346.8343951182777
0.7673744154654716,0.9429155090272636,0.0,153.06614129259833,232.58770910771779,275.3854192774808,300.29261348406635,315.2396641740836,324.2973344366516,329.8032126170273,333.15364281581907,335.1932624894866,336.4351119486934,337.19128191421623,337.6517331997819,337.9321179127407,338.10285504790147,338.2068238669982,338.2701348361896,338.3086875708819,338.33216397736356,338.34645976756667,338.35516508836537,338.3604661326946,338.36369416683664,338.365659855898,338.36685684869,338.36758574920725,338.368029608163,338.368299893024,338.3684644811339,338.3685647059329,338.36862573713677,338.3686629016695,338.3686855327569,338.368699313803,338.3687077056752,338.36871281584894,338.36871592765397,338.36871782256645,338.3687189764601,338.36871967911566,338.3687201069933,338.368720367546,338.36872052620794,338.3687206228249,338.3687206816584,338.36872071748473,338.36872073930124,338.368720752586,338.36872076067533,338.3687207656016
0.06113623693591214,0.7631986918260361,0.0,239.33819193577293,272.33857773125226,285.109069691197,292.2048486721419,296.4536927028402,299.0350312588189,300.60720640507515,301.5649344239795,302.1482789339588,302.50354826608447,302.7199005836485,302.85165065294893,302.9318799919573,302.9807353691016,303.01048558243986,303.02860178508774,303.0396335245022,303.04635122628224,303.0504419242562,303.05293292644075,303.0544498049832,303.05537349769617,303.05593597400286,303.0562784900779,303.0564870628855,303.05661407186307,303.0566914131077,303.05673850952746,303.05676718856904,303.0567846524746,303.0567952870006,303.05680176282215,303.0568057062288,303.05680810753927,303.0568095698008,303.05681046023534,303.05681100245965,303.0568113326427,303.0568115337052,303.0568116561416,303.0568117306979,303.0568117760986,303.05681180374535,303.0568118205804,303.05681183083163,303.0568118370743,303.0568118408758,303.05681184319076,303.0568118445999
0.3569765688105648,0.709408960446392,0.0,100.29959950361247,181.56342424868652,234.19135068607767,266.7691881702419,286.7124332567981,298.88056674554934,306.2961522277724,310.81334966984036,313.56447302263183,315.23986012831136,316.26010490503074,316.8813836628115,317.25970904701444,317.49008814870734,317.6303760097304,317.7158033473817,317.76782373296135,317.79950118498874,317.81879094927024,317.8305373174845,317.8376901871604,317.84204587777873,317.84469824556766,317.84631338668004,317.8472969157556,317.84789582902977,317.84826053315504,317.8484826172296,317.8486178538021,317.84870020518514,317.84875035249496,317.8487808893552,317.8487994845668,317.8488108079936,317.84881770331714,317.84882190217616,317.8488244590431,317.8488260160295,317.8488269641455,317.8488275414944,317.84882789306715,317.8488281071551,317.84882823752196,317.84882831690857,317.84882836525026,317.8488283946878,317.84882841261316,317.8488284235292,317.8488284301759
0.1395453359301647,0.5737294840140746,0.0,181.69965633173223,239.83453502891413,267.20531092143,282.87448868252176,292.30516949285374,298.04026123807023,301.53384451960596,303.6620832588523,304.9583702046103,305.74783310483406,306.22860007336357,306.5213681182354,306.69964954264805,306.8082134378803,306.8743228522202,306.91457977287763,306.9390939602722,306.95402170925263,306.9631118601171,306.96864724517354,306.972017979902,306.97407056566567,306.97532047367156,306.97608159657204,306.9765450771383,306.97682731044824,306.9769991744861,306.9771038299136,306.97716755911836,306.9772063665799,306.9772299981178,306.9772443883803,306.97725315123205,306.97725848731045,306.9772617366796,306.97726371536095,306.97726492026413,306.97726565398216,306.9772661007749,306.97726637284586,306.977266538522,306.9772666394094,306.9772667008437,306.9772667382543,306.97726676103457,306.977266774906,306.9772667833543,306.97726678849835,306.97726679163037
0.5459744121877192,0.2526870454049972,0.0,92.79917954921049,177.86172643733917,235.24487160305472,271.0929536989556,293.0538327568738,306.44380887138266,314.5992967744502,319.56557102335813,322.58970047905666,324.4312023842218,325.5525662894457,326.2354118262835,326.65122579280734,326.9044329280302,327.0586217470299,327.15251401300657,327.20968908607915,327.2445054650986,327.2657066651369,327.2786169926832,327.2864786490813,327.29126595126564,327.29418114629243,327.29595633439726,327.29703732305694,327.2976955837056,327.2980964270204,327.298340517811,327.29848915522626,327.29857966696125,327.2986347834616,327.29866834627734,327.29868878412356,327.2987012296095,327.29870880820323,327.29871342313584,327.29871623336766,327.29871794463855,327.2987189867058,327.2987196212653,327.298720007676,327.2987202429777,327.29872038626297,327.29872047351625,327.2987205266483,327.2987205590023,327.2987205787045,327.2987205907017,327.2987205980077
0.5109494557967541,0.3576694176019505,0.0,90.38452205893904,175.02614434274295,232.65894923302164,268.79307664329826,290.95905602639465,304.48106257774543,312.71867168100727,317.7353875889086,320.79034588006033,322.65065027990363,323.78347145104874,324.4732957012026,324.8933597351624,325.1491549957399,325.3049198379948,325.39977180468566,325.45753127503656,325.4927035154989,325.51412141329723,325.5271636966911,325.5351057063465,325.5399419389371,325.54288692972875,325.5446802617293,325.54577229897683,325.5464372875798,325.54684222783476,325.5470888134278,325.54723897003413,325.5473304068712,325.54738608670544,325.54741999255924,325.5474406392959,325.5474532119854,325.5474608680379,325.54746553013916,325.5474683690933,325.5474700978546,325.5474711505722,325.5474717916177,325.5474721819778,325.54747241968477,325.54747256443545,325.5474726525792,325.54747270625495,325.5474727389395,325.5474727588429,325.54747277096294,325.54747277834326
0.2950344874538798,0.6514065341741888,0.0,114.14061496040416,192.52585950824002,240.29307012215025,269.3657549814636,287.09379213215675,297.9025651562535,304.4893696868008,308.501897810198,310.94575479895786,312.434055143391,313.340381953805,313.89229348568836,314.2283789226328,314.4330365427793,314.5576615667732,314.63355115648505,314.67976360669127,314.70790436048395,314.72504047830176,314.7354753989592,314.7418296719278,314.74569906268084,314.7480553015539,314.7494901170168,314.7503638380348,314.750895884449,314.75121987046055,314.75141715951935,314.75153729733796,314.75161045443843,314.7516550029533,314.75168213046595,314.75169864957775,314.75170870877827,314.7517148342602,314.75171856432905,314.75172083573,314.75172221888323,314.75172306114547,314.7517235740348,314.75172388635553,314.7517240765407,314.751724192353,314.7517242628761,314.7517243058209,314.7517243319714,314.75172434789584,314.7517243575934,314.7517243634976
0.4567889730629284,0.7508668645669523,0.0,90.08704681369296,173.86972034660837,230.86283509803837,266.6193430441947,288.56863553574505,301.96404836743403,310.1262887650134,315.09760707832976,318.1250549861429,319.96864056855526,321.09128819959125,321.77491841388473,322.1912105021506,322.44470863596365,322.59907451177287,322.6930745096719,322.75031514162225,322.7851714213571,322.8063969090086,322.819322021963,322.827192679881,322.8319854626124,322.8349039945984,322.83668121455355,322.8377634404211,322.83842245442565,322.83882375647715,322.8390681266064,322.8392169341196,322.8393075494333,322.8393627290075,322.83939633023056,322.8394167914647,322.83942925119294,322.8394368384593,322.8394414586729,322.83944427212043,322.83944598534964,322.83944702860913,322.83944766389504,322.8394480507473,322.83944828631905,322.8394484297687,322.8394485171215,322.83944857031435,322.83944860270566,322.8394486224302,322.8394486344413,322.83944864175555
0.7480033106306377,0.5461167352259935,0.0,144.00409746096338,225.2605121252397,270.3550799307181,296.82489428155264,312.7454898201276,322.39914130473045,328.26843216312784,331.84025235659146,334.0147090083465,335.33867425933914,336.14485116833936,336.6357551663575,336.9346844309353,337.1167143993351,337.2275600242767,337.2950586266614,337.3361614135715,337.3611906663851,337.3764320558883,337.38571319472567,337.3913648803031,337.3948064353797,337.3969021467048,337.39817831573,337.3989554301008,337.39942864856516,337.399716811703,337.39989228666894,337.39999914094676,337.4000642091264,337.4001038319475,337.4001279599931,337.4001426526012,337.40015159956357,337.4001570477552,337.40016036539413,337.40016238564755,337.4001636158669,337.4001643650009,337.4001648211806,337.40016509896856,337.4001652681251,337.40016537113206,337.40016543385786,337.4001654720532,337.40016549531316,337.40016550947655,337.40016551810123,337.40016552335317
0.9667589779732333,0.3187311976327591,0.0,309.09404561394257,330.95819069019876,338.39740914422435,342.3785743653924,344.7254852507135,346.1414502221104,347.0011367895307,347.52408279447815,347.8423957440489,348.03619705061396,348.1542023322478,348.22605852144835,348.26981423653706,348.29645881641983,348.3126838092468,348.32256389757754,348.32858030765874,348.33224395911776,348.33447491464494,348.33583343980837,348.3366607044474,348.33716446160315,348.3374712210827,348.3376580201701,348.337771770196,348.3378410374965,348.3378832173444,348.3379089024735,348.3379245432576,348.3379340676047,348.33793986739096,348.33794339913175,348.33794554976004,348.33794685937085,348.33794765684974,348.3379481424692,348.33794843818345,348.3379486182561,348.33794872791043,348.33794879468365,348.3379488353461,348.33794886010537,348.3379488751831,348.33794888436415,348.3379488899553,348.3379488933598,348.3379488954341,348.3379488966954,348.33794889746423
0.4774197520391893,0.3349555979027237,0.0,89.84086535297952,173.97001901188065,231.31321179038784,267.2996988285911,289.3881199113216,302.8670538256649,311.07970631768393,316.081598727718,319.127638133621,320.982542321251,322.1120839174009,322.79991363964655,323.2187638597463,323.47382019515777,323.6291351399214,323.7237131651195,323.78130582730216,323.81637649331554,323.8377325388437,323.8507371580183,323.85865623242034,323.86347849879184,323.8664149849701,323.86820313815196,323.8692920217964,323.8699550900367,323.87035886089944,323.87060473440044,323.87075445738316,323.870845630168,323.87090114920994,323.87093495714987,323.8709555442629,323.87096808064456,323.8709757145878,323.8709803632253,323.87098319398086,323.87098491775083,323.87098596742857,323.87098660662224,323.8709869958551,323.87098723287573,323.8709873772075,323.87098746509815,323.8709875186181,323.8709875512084,323.8709875710547,323.8709875831397,323.87098759049906
0.187680714313829,0.5193288371296356,0.0,155.1165056912597,222.49690542271983,257.4285495002354,277.8402668676739,290.17572828845914,297.6833430816577,302.2572898036932,305.04369096486295,306.7408419053088,307.77443118567436,308.40386384417815,308.78716275563556,309.020572893148,309.16270720906823,309.2492591530361,309.30196442863786,309.3340589620073,309.35360271265375,309.3655037468041,309.3727508002422,309.37716384380525,309.3798511364325,309.38148754484985,309.38248402453365,309.3830908240023,309.38346033037675,309.3836853387499,309.3838223560557,309.38390579180435,309.38395659943103,309.3839875383879,309.38400637845234,309.3840178509809,309.3840248370984,309.38402909124676,309.3840316817812,309.3840332592692,309.3840342198706,309.38403480482054,309.38403516102284,309.38403537792954,309.384035510014,309.3840355904454,309.3840356394235,309.3840356692488,309.38403568741,309.38403569846986,309.38403570520455,309.3840357093051
0.273365115261776,0.3245166198477784,0.0,120.5626285617457,197.49563904128422,243.1294442457489,270.7023603074639,287.4881990909594,297.7194020372042,303.95409563341656,307.75220670293015,310.06551735072065,311.4743339686199,312.3322647883821,312.8547080523978,313.17284988913383,313.36658125851284,313.4845529803748,313.55639115782986,313.6001365588718,313.62677503328547,313.64299635417433,313.65287421804777,313.6588892762152,313.662552104927,313.6647825594729,313.66614077952516,313.66696785833415,313.6674715023123,313.66777819286347,313.6679649499735,313.6680786744357,313.6681479261671,313.6681900965343,313.66821577589104,313.6682314131583,313.6682409353649,313.6682467338485,313.66825026479466,313.66825241493984,313.6682537242564,313.66825452155507,313.66825500706506,313.66825530271325,313.66825548274613,313.66825559237543,313.6682556591337,313.66825569978585,313.6682557245408,313.6682557396152,313.66825574879454,313.668255754384
0.6030329374579684,0.8344294807146715,0.0,100.59543371826214,185.9827698047912,241.8111154893481,276.30925098974285,297.3671480954395,310.19084941278805,317.99790558012813,322.7511267763413,325.6452824216981,327.4075681451525,328.48067191708816,329.1341223609231,329.5320337360119,329.7743382138296,329.92188754318465,330.01173657885045,330.06644948863254,330.09976652232405,330.12005469437656,330.132409034644,330.13993212416875,330.14451325740447,330.14730290683974,330.14900164463273,330.1500360793188,330.15066599120803,330.15104957172554,330.1512831504473,330.15142538660615,330.15151200033944,330.15156474317826,330.15159686056796,330.1516164182316,330.15162832773734,330.15163557994924,330.1516399961338,330.15164268533846,330.1516443229119,330.1516453201009,330.1516459273325,330.1516462971014,330.15164652226974,330.1516466593847,330.15164674287996,330.1516467937234,330.1516468246847,330.1516468435385,330.1516468550194,330.1516468620104
0.2560079020500306,0.0304261892935731,0.0,126.4805934131499,201.95785571215487,245.6836877020305,271.9431686906386,287.90778345498546,297.63593635931153,303.5639158110099,307.1752178342558,309.3747744414697,310.71432471464857,311.53007806227043,312.02683845650785,312.3293412407751,312.5135494703523,312.62572220836455,312.6940291634478,312.7356242635205,312.7609533324424,312.77637730225683,312.7857696257211,312.7914890178499,312.79497180295675,312.79709262127375,312.79838407913417,312.79917050358233,312.799649391374,312.79994100681773,312.80011858404595,312.8002267184829,312.8002925662076,312.8003326637279,312.80035708083784,312.80037194946954,312.80038100362196,312.8003865170853,312.8003898744709,312.800391918928,312.80039316388576,312.8003939219942,312.8003943836398,312.8003946647557,312.80039483593856,312.80039494017956,312.80039500365655,312.8003950423098,312.8003950658483,312.80039508018166,312.80039508890945,312.8003950942242
0.9695738107064268,0.2560079020500305,0.0,312.36205983469506,332.5639715814673,339.3774429862396,343.0225447878468,345.1712805435767,346.4676737086793,347.2547635808698,347.7335495849807,348.0249830028023,348.20241915833185,348.31045980052966,348.37624831995583,348.4163092363804,348.44070391437896,348.45555885133086,348.46460465566156,348.47011303496055,348.4734673248275,348.47550989683805,348.47675370719026,348.47751111704684,348.477972336621,348.478253193134,348.47842421878994,348.47852836369253,348.47859178201867,348.4786304001745,348.4786539164362,348.47866823650213,348.4786769566081,348.47868226665724,348.4786855001752,348.47868746920415,348.47868866822995,348.4786893983686,348.4786898429815,348.478690113726,348.4786902785934,348.47869037898926,348.4786904401236,348.4786904773515,348.4786905000213,348.47869051382486,348.4786905222315,348.47869052735075,348.47869053046776,348.47869053236553,348.47869053352133,348.4786905342255
0.2550480449229409,0.9697108418220985,0.0,126.78704055430295,202.2002706089273,245.82779180916464,272.01589753658965,287.93446635878644,297.6338477409765,303.54405181850893,307.1444287272831,309.33729014271415,310.6727451353064,311.48599672405567,311.981230206454,312.2828016631817,312.46644209913876,312.57826879039425,312.6463648944156,312.68783154198366,312.71308236601044,312.7284586783464,312.73782197638855,312.74352369161625,312.7469957115872,312.74910997415134,312.75039743975776,312.7511814330725,312.7516588404094,312.75194955432585,312.75212658256856,312.75223438270257,312.752300026853,312.75234000040876,312.7523643420309,312.75237916469536,312.75238819085433,312.7523936872722,312.7523970342788,312.75239907241485,312.7524003135237,312.75240106928845,312.7524015295068,312.7524018097532,312.7524019804076,312.7524020843261,312.752402147607,312.75240218614124,312.75240220960615,312.75240222389533,312.7524022325962,312.7524022378946
0.03016698408595708,0.2550581305599932,0.0,268.46825702303704,286.26398705926147,292.62297329075307,296.1371642512614,298.24018868060443,299.5177760967675,300.29590492087567,300.76992949427665,301.05865840771673,301.2345024059513,301.341588890827,301.40680070324726,301.44651165203703,301.4706935608376,301.48541902931964,301.49438602165003,301.499846416488,301.50317148867106,301.5051962693697,301.5064292459929,301.50718005877013,301.5076372611107,301.50791567136184,301.50808520738235,301.5081884451836,301.508251311137,301.50828959292824,301.50831290436315,301.5083270997015,301.5083357438558,301.5083410076545,301.5083442130072,301.50834616488686,301.50834735346984,301.50834807724783,301.50834851798925,301.5083487863748,301.50834894980693,301.508349049328,301.5083491099299,301.5083491468338,301.50834916930586,301.5083491829896,301.5083491913236,301.508349196397,301.5083491994869,301.508349201369,301.5083492025145,301.50834920321284
0.6773954835539719,0.2724439942749397,0.0,118.07843026822086,202.68453751628374,254.34091910436706,285.55417467861975,304.4794252237194,315.9811533375725,322.9789163993752,327.23848741663926,329.83186782188426,331.4109644698549,332.3725108117396,332.9580288925671,333.31457380797406,333.5316888351847,333.6638994273418,333.74440814644277,333.7934333826592,333.82328696856945,333.84146610776304,333.8525361713518,333.85927721135516,333.86338212176094,333.86588177895004,333.86740392811913,333.8683308304471,333.8688952612763,333.8692389675649,333.8694482651551,333.8695757154886,333.86965332549545,333.8697005855774,333.86972936427986,333.8697468888734,333.86975756035497,333.8697640586811,333.86976801579027,333.86977042544635,333.86977189278946,333.8697727863181,333.8697733304257,333.86977366175716,333.8697738635184,333.8697739863803,333.86977406119564,333.8697741067539,333.8697741344968,333.86977415139063,333.8697741616771,333.8697741679416
0.2163263720796386,0.7560193754306289,0.0,141.7276139790438,213.17669712262986,252.1178704119364,275.14015234303446,289.0873546943748,297.5799097669819,302.7542590449422,305.9063940802189,307.8262800020969,308.9955060926715,309.70753397321147,310.1411283256281,310.4051652645779,310.5659494168224,310.6638579793333,310.7234787563704,310.75978442158504,310.7818925051954,310.7953550692491,310.80355300425396,310.80854508002767,310.811584970085,310.8134360901742,310.8145633170064,310.81524973403293,310.8156677229632,310.81592225445246,310.81607724965437,310.8161716329198,310.8162291069614,310.81626410538456,310.81628541743453,310.8162983952611,310.81630629801924,310.81631111035,310.8163140407858,310.8163158252544,310.8163169118945,310.8163175735966,310.81631797653523,310.8163182219022,310.81631837131664,310.81631846230147,310.816318517706,310.8163185514447,310.8163185719887,310.8163185844998,310.8163185921182,310.816318596757
0.2385516686475282,0.2166290788122858,0.0,132.87585400762734,206.7114148992581,248.40936770079495,273.286431108022,288.3881480236225,297.58772107996793,303.19334049754013,306.6082619379232,308.6882178153728,309.9549339714537,310.7263341611338,311.19608549841695,311.4821410933597,311.6563338302356,311.76240766383046,311.82700071597196,311.86633425292285,311.8902861552557,311.90487150750425,311.9137531599326,311.9191615821639,311.9224550041652,311.9244605110659,311.925681750808,311.9264254164036,311.9268782664807,311.9271540264354,311.9273219485715,311.92742420360526,311.9274864711077,311.9275243884761,311.92754747799796,311.9275615382043,311.9275701000702,311.9275753137598,311.9275784886001,311.9275804218973,311.92758159916616,311.9275823160554,311.92758275260064,311.9275830184311,311.92758318030684,311.9275832788805,311.9275833389059,311.9275833754582,311.9275833977163,311.9275834112703,311.92758341952356,311.9275834245496
0.7835315383956355,0.7607665516266372,0.0,161.20639211954975,239.0220139109044,279.76005766417524,303.28945528481574,317.38247463560384,325.9182756680029,331.10618050995487,334.2629797169095,336.1846965976264,337.3547538940181,338.06720815354424,338.5010397141112,338.7652147908625,338.92608128672117,339.0240394925233,339.08369035894026,339.12001430727065,339.1421335130856,339.1556028467706,339.1638049032003,339.16879948843257,339.1718409065336,339.1736929570943,339.1748207505236,339.1755075125733,339.17592571160407,339.17618037103097,339.17633544414093,339.17642987484686,339.1764873777762,339.1765223937914,339.1765437165539,339.17655670090414,339.1765646076346,339.1765694223838,339.1765723542924,339.17657413965827,339.1765752268448,339.1765758888795,339.17657629202085,339.176576537511,339.1765766870005,339.1765767780311,339.17657683346334,339.17657686721867,339.1765768877739,339.1765769002906,339.1765769079129,339.17657691255386
0.5165715718154563,0.6639389803667762,0.0,90.75397791552686,175.46834638503378,233.06754736161326,269.15937849098185,291.29411358917963,304.79564919168945,313.02037376194346,318.02910995952635,321.0791627525168,322.936462893415,324.06744801585086,324.75615155051855,325.17553203011545,325.4309105803721,325.58642147135333,325.68111871068993,325.73878392384296,325.77389875092143,325.79528168020556,325.8083026666936,325.8162317064021,325.82106004044545,325.82400022121436,325.8257906240718,325.82688087758805,325.8275447799787,325.82794905878177,325.8281952415857,325.8283451529141,325.82843644038905,325.82849202927116,325.8285258797392,325.8285464927497,325.8285590449014,325.82856668844767,325.82857134293306,325.82857417725006,325.8285759031872,325.82857695418534,325.82857759418414,325.82857798390575,325.8285782212246,325.82857836573857,325.828578453739,325.82857850732654,325.828578539958,325.8285785598287,325.8285785719289,325.8285785792973
0.02647515833331004,0.9735248416666902,0.0,272.4359443387423,287.9560312166156,293.52861811501094,296.61158352755484,298.45665424680783,299.57749900588766,300.2601407210778,300.6759863489155,300.92927421660085,301.08353181077786,301.17747169497346,301.23467735723113,301.269512784228,301.2907256873781,301.3036431640063,301.3115091771447,301.3162991319649,301.31921594161446,301.32099211248715,301.32207369936145,301.3227323241721,301.3231333891887,301.32337761495927,301.323526334557,301.32361689633257,301.32367204330234,301.3237056246711,301.3237260738144,301.3237385261801,301.32374610896244,301.3237507264457,301.3237535382312,301.3237552504487,301.3237562930907,301.32375692800105,301.32375731462525,301.3237575500582,301.3237576934226,301.3237577807232,301.3237578338847,301.3237578662576,301.3237578859705,301.32375789797436,301.32375790528386,301.32375790973543,301.32375791244505,301.3237579140964,301.32375791510174,301.3237579157133
0.02828884151036648,0.0282888415103667,0.0,270.6359812243287,287.1303566212658,293.08462345215503,296.378821541994,298.350421980036,299.54819748981555,300.2777221513635,300.72213973562367,300.99283575577357,301.15769753949985,301.2580961541678,301.3192353571174,301.3564663045745,301.3791380333536,301.3929438896328,301.4013508915762,301.4064702847484,301.4095877066237,301.41148604024085,301.4126420178486,301.413345942636,301.41377459286997,301.41403561651737,301.4141945650884,301.41429135573463,301.4143502957378,301.41438618685027,301.41440804249567,301.41442135134355,301.41442945567405,301.4144343907501,301.41443739593154,301.41443922591645,301.4144403402724,301.4144410188522,301.4144414320687,301.41444168369327,301.41444183691937,301.4144419302253,301.4144419870435,301.4144420216418,301.41444204271096,301.41444205554006,301.4144420633527,301.4144420681098,301.41444207100704,301.414442072771,301.41444207384546,301.4144420744994
0.9717111584896333,0.02828884151036648,0.0,315.2888056479884,333.8121760710128,340.1299988956758,343.51583373804914,345.51229376365455,346.7168907956816,347.44826150783246,347.8931569329401,348.16396245963404,348.3288399334777,348.42923377064415,348.4903660361243,348.52759162683645,348.55025977542994,348.5640633621335,348.5724689568944,348.57758748610695,348.5807043798931,348.5826023913763,348.583758172667,348.58446197786276,348.58489055526013,348.5851515345521,348.585310456111,348.585407230309,348.5854661602959,348.5855020453075,348.58552389723934,348.5855372038251,348.5855453067783,348.5855502410166,348.585553245687,348.5855550753603,348.58555618952704,348.58555686799065,348.5855572811375,348.58555753272,348.5855576859202,348.58555777921003,348.585557836018,348.5855578706105,348.58555789167593,348.5855579045032,348.5855579123138,348.5855579170709,348.58555791996724,348.585557921731,348.5855579228044,348.58555792345936
0.9704156705060218,0.9704156705060216,0.0,313.7616403399082,333.06465001265235,339.67553050005705,343.2178257144472,345.30627099067016,346.5662846713485,347.3312708477626,347.7966021296515,348.0798414807381,348.2522868344422,348.3572877267273,348.4212248920814,348.4601582885248,348.4838663020637,348.4983030684153,348.5070942168299,348.5124475190492,348.5157073730994,348.5176924378832,348.5189012290828,348.5196373140394,348.520085547861,348.52035849674564,348.5205247070863,348.5206259197274,348.52068755246887,348.5207250833042,348.52074793744697,348.5207618543218,348.5207703289072,348.5207754894469,348.5207786319224,348.5207805455121,348.5207817107784,348.52078242035975,348.5207828524544,348.520783115576,348.5207832758012,348.5207833733691,348.5207834327837,348.52078346896326,348.52078349099475,348.5207835044092,348.5207835125789,348.5207835175546,348.52078352058305,348.5207835224278,348.5207835235516,348.5207835242361
0.6451628810631564,0.08350373594171856,0.0,109.41337757842005,194.58382525398613,248.360654148866,281.20971634286894,301.1908390374807,313.3459164776006,320.74345189191916,325.24685408870147,327.98880419354737,329.6583946891535,330.67505330191847,331.2941336882061,331.67111682700835,331.90067781364655,332.04046737834943,332.12559129627914,332.17742694050145,332.20899191103257,332.22821318866045,332.2399178563742,332.2470453346696,332.2513855642235,332.25402851748123,332.255637925847,332.2566179640804,332.2572147516627,332.25757816137735,332.25779945723474,332.25793421383116,332.2580162729377,332.25806624226806,332.2580966707493,332.25811519996415,332.25812648320283,332.2581333540532,332.2581375380113,332.2581400858031,332.25814163726363,332.2581425820149,332.2581431573147,332.2581435076393,332.2581437209678,332.2581438508719,332.2581439299769,332.25814397814713,332.2581440074796,332.2581440253416,332.2581440362185,332.25814404284176
0.6459112700619596,0.9152799985912576,0.0,109.58230594855881,194.7525739854838,248.49124760604803,281.3076286638214,301.2663832636084,313.4070571618005,320.7955278669772,325.2932895210108,328.0317533868309,329.69919867660906,330.71454127546247,331.33281604618605,331.7093067580693,331.9385670740502,332.0781731925796,332.16318524685585,332.21495270443444,332.24647612337697,332.2656720853984,332.2773613316284,332.28447941661307,332.28881392507736,332.29145339403584,332.2930606804514,332.29403942644564,332.2946354270861,332.2949983575813,332.29521936161336,332.29535394050134,332.29543589139195,332.2954857948245,332.295516183177,332.29553468795586,332.2955459563141,332.2955528181039,332.29555699654355,332.2955595409751,332.2955610903897,332.29556203389507,332.2955626084361,332.2955629582995,332.29556317134626,332.295563301079,332.29556338007956,332.29556342818637,332.29556345748006,332.29556347531843,332.29556348618144,332.2955634927962
0.2345210598174591,0.7119161199549261,0.0,134.28464347127962,207.78349564170523,249.029080272383,273.59249793811614,288.4972064957654,297.5757121599378,303.10734978038175,306.4771404580124,308.5295842265332,309.77953468291906,310.5407202061473,311.00424908517016,311.2865145488986,311.458398870208,311.5630668167579,311.6268036789793,311.6656158078669,311.6892501860875,311.7036421770888,311.7124060803912,311.71774279873534,311.72099255654723,311.7229714741771,311.72417652244917,311.7249103283105,311.7253571743478,311.7256292781741,311.725794973932,311.7258958732262,311.72595731515906,311.7259947298029,311.7260175131936,311.7260313869828,311.7260398353316,311.72604497989613,311.72604811264324,311.72605002030775,311.7260511819672,311.72605188935233,311.7260523201087,311.72605258241583,311.72605274214493,311.7260528394112,311.7260528986413,311.7260529347083,311.7260529566718,311.7260529700459,311.72605297819007,311.72605298314943
0.9679246315612389,0.209286668245671,0.0,310.18261290737433,331.60920233003674,338.79810089872245,342.64237030769857,344.908373294301,346.27549837925307,347.10552988885297,347.6104371178218,347.9177704377974,348.10488716317207,348.2188223355393,348.28820019586874,348.33044679649987,348.3561724285494,348.37183784090644,348.3813771791315,348.3871860928293,348.3907233912315,348.39287740511867,348.3941890772777,348.3949878111362,348.3954741946839,348.3957703746305,348.39595073138736,348.396060558401,348.3961274368109,348.39616816196,348.3961929612608,348.3962080626255,348.39621725849696,348.39622285826096,348.3962262681987,348.39622834465666,348.39622960910174,348.3962303790776,348.39623084794755,348.39623113346323,348.39623130732684,348.39623141319913,348.39623147767,348.3962315169279,348.39623154083483,348.39623155539226,348.3962315642567,348.39623156965564,348.39623157294216,348.3962315749438,348.3962315761632,348.3962315769054
0.7962240371499436,0.9653391875460295,0.0,168.17357315959012,244.3479007565964,283.33727083925896,305.72495843247185,319.11463102454223,327.2212935429707,332.1478127267819,335.1454457212557,336.97024225119475,338.08128124508585,338.75779671025987,339.1697434806919,339.4205918844202,339.57334314931114,339.666359618439,339.7230012375751,339.75749272053446,339.77849605692734,339.7912858885987,339.79907416650224,339.8038167839457,339.806704767906,339.80846338576083,339.8095342839691,339.8101864000568,339.8105835016629,339.81082531395623,339.8109725638924,339.8110622307289,339.81111683273434,339.81115008225106,339.811170329316,339.8111826586268,339.8111901664762,339.81119473833,339.81119752232865,339.81119921762576,339.8112002499655,339.81120087860137,339.81120126140456,339.8112014945104,339.81120163645886,339.8112017228966,339.811201775533,339.81120180758546,339.8112018271034,339.81120183898923,339.811201846227,339.8112018506334
0.2080009964067261,0.9688366264939043,0.0,145.51257100330128,215.82765246119158,253.62900672008533,275.90594530241884,289.39234258106916,297.60314611700846,302.6056978831046,305.6531651397293,307.5093000137162,308.63970093672924,309.3280850031299,309.7472810709717,310.00255006255645,310.1579949487863,310.2526521669392,310.3102930454123,310.34539305869316,310.36676696611994,310.37978245744955,310.3877081500752,310.3925344454966,310.39547338464826,310.39726303133295,310.39835282433853,310.39901644628446,310.3994205543041,310.3996666331052,310.3998164811015,310.39990773000966,310.39996329540634,310.39999713157334,310.40001773587426,310.40003028272326,310.40003792304054,310.400042575559,310.4000454086781,310.4000471338869,310.4000481844413,310.40004882416895,310.4000492137264,310.4000494509447,310.4000495953975,310.4000496833606,310.4000497369253,310.400049769544,310.4000497894063,310.4000498015012,310.40004980886613,310.4000498133516
0.9688366264939043,0.7919990035932739,0.0,311.60673583400217,332.14115252298495,339.1180582376299,342.8525169369006,345.0538005190876,346.38183552925506,347.18811259884865,347.67856031470046,347.9770878949869,348.1588414110727,348.26951008102003,348.33689851550275,348.37793352094013,348.40292129246575,348.4181373590948,348.4274030576646,348.43304533432286,348.4364811575727,348.4385733776883,348.43984742043926,348.44062323989914,348.441095669783,348.44138335269713,348.44155853522614,348.44166521142284,348.4417301711577,348.44176972794276,348.4417938157745,348.4418084838944,348.4418174159462,348.44182285505724,348.4418261671662,348.4418281840526,348.441829412223,348.4418301601079,348.44183061552667,348.4418308928518,348.441831061727,348.44183116456117,348.4418312271822,348.441831265315,348.44183128853575,348.44183130267487,348.44183131128676,348.4418313165291,348.44183131972176,348.4418313216662,348.4418313228502,348.44183132357125
0.03116337350609594,0.2080009964067259,0.0,267.1740777036914,285.79203126790804,292.3727526893971,296.00592088138893,298.1798673936695,299.5005116014009,300.30486288798204,300.79486230151593,301.09332185890764,301.2750922499538,301.3857878893393,301.45319757412716,301.4942469359623,301.51924387373646,301.534465652642,301.543734871344,301.5493793054579,301.5528164473393,301.5549094722114,301.5561840056978,301.5569601242619,301.5574327363944,301.55772053033473,301.55789578049234,301.5580024978785,301.55806748269976,301.55810705476216,301.5581311518989,301.55814582568513,301.55815476118653,301.55816020239916,301.5581635157881,301.558165533454,301.5581667620972,301.55816751027163,301.55816796586606,301.5581682432983,301.5581684122389,301.5581685151133,301.55816857775875,301.558168615906,301.55816863913594,301.5581686532811,301.55816866189497,301.55816866713985,301.5581686703339,301.55816867227907,301.5581686734628,301.5581686741847
0.796919704623122,0.03602777984805666,0.0,168.56613750721692,244.64421210846032,283.53304970733967,305.8567219732915,319.20781732267204,327.2913333243099,332.2039275127912,335.193157897111,337.0128718034122,338.12083077162293,338.79547726167954,339.20628881963546,339.456447208572,339.6087788478788,339.7015400316436,339.7580263028496,339.7924232343317,339.8133690146566,339.8261238068942,339.8338907516901,339.83862038019896,339.8415004553887,339.84325425758084,339.84432222346896,339.8449725540033,339.84536856833694,339.8456097185547,339.8457565653301,339.8458459866673,339.8459004391782,339.84593359766126,339.84595378929265,339.8459660848481,339.8459735721426,339.8459781314788,339.845980907855,339.8459825985105,339.84598362802376,339.84598425493846,339.845984636695,339.84598486916235,339.8459850107214,339.84598509692285,339.845985149415,339.8459851813791,339.84598520084404,339.8459852126971,339.84598521991467,339.8459852243099
0.4037783574875319,0.9727137791666507,0.0,93.85034885137726,176.4902450921533,231.65176908211149,266.08799373953065,287.2082616761955,300.0979055089816,307.95288446542315,312.737449878036,315.6512955195862,317.42573976747985,318.50629439927303,319.164295082946,319.5649809238912,319.8089758918152,319.95755490462477,320.04803103103296,320.1031258218668,320.13667540379737,320.15710518539146,320.1695457579148,320.17712135794096,320.1817344670463,320.18454358794406,320.18625418273814,320.18729583765804,320.18793014625624,320.18831640411713,320.1885516131892,320.1886948421389,320.18878206042467,320.18883517140165,320.1888675129662,320.1888872071401,320.18889919977266,320.188906502604,320.18891094961293,320.1889136575884,320.18891530659187,320.1889163107408,320.18891692221075,320.18891729456095,320.18891752130065,320.1889176593731,320.18891774345076,320.18891779465,320.18891782582705,320.18891784481156,320.18891785637265,320.1889178634119
0.02729003295345839,0.4037719982735514,0.0,271.25839981723874,287.5598894667594,293.32128853613625,296.50278206661886,298.4063935015696,299.56278914759434,300.2670953549719,300.6961456696705,300.9574797463712,301.1166391146997,301.2135647190681,301.27258884172335,301.3085317411242,301.3304190876355,301.34374728549284,301.35186341460644,301.3568056801938,301.35981524033167,301.3616478918026,301.36276387250854,301.36344344136586,301.36385726018284,301.3641092523232,301.3642627012121,301.36435614286245,301.36441304351536,301.36444769277796,301.36446879220927,301.36448164056236,301.3644894644801,301.36449422880094,301.3644971300007,301.3644988966675,301.36449997246643,301.3645006275669,301.36450102648547,301.3645012694044,301.3645014173288,301.36450150740586,301.36450156225817,301.36450159566,301.3645016159996,301.364501628384,301.36450163592804,301.36450164052,301.3645016433165,301.3645016450193,301.36450164605725,301.36450164668815
0.9727182790286045,0.4037728794680236,0.0,315.9956695977867,334.3512060580781,340.4707015364105,343.7413995169479,345.6690341806657,346.83196883471066,347.5380184870351,347.9675044189586,348.2289280827113,348.38809265192117,348.4850075539368,348.544021261289,348.5799567226708,348.6018392318684,348.61516439750625,348.62327865583603,348.6282197753792,348.6312286357202,348.63306086051415,348.6341765812451,348.6348559917501,348.63526971412773,348.6355216475383,348.63567506066283,348.6357684805356,348.63582536792643,348.63586000911346,348.63588110362616,348.6358939489861,348.6359017710792,348.6359065342904,348.63590943481336,348.6359112010682,348.63591227661664,348.63591293156463,348.63591333039136,348.63591357325276,348.6359137211426,348.63591381119835,348.63591386603684,348.63591389943116,348.635913919766,348.635913932149,348.6359139396895,348.63591394428033,348.6359139470771,348.6359139487801,348.63591394981677,348.63591395044773
0.4037728794680236,0.02728172097139514,0.0,93.83901472649411,176.47362919776333,231.63608945501144,266.07572628675393,287.1995128650324,300.0919564612605,307.94892992593117,312.7348364433306,315.6495540115018,317.42455337274,318.5054566074233,319.1636741980731,319.56449414967614,319.80857167108195,319.9572013431457,320.0477084885187,320.10282224277177,320.1363834050424,320.15682025272974,320.16926513437784,320.1768433611644,320.18145807102235,320.1842681672148,320.18597935613906,320.1870213729516,320.18765590196637,320.1880422940683,320.1882775848937,320.18842086363003,320.1885081122352,320.18856124167496,320.18859359448317,320.18861329550384,320.1886252923059,320.1886325976761,320.1886370462306,320.1886397551478,320.18864140472493,320.1886424092222,320.18864302090446,320.1886433933846,320.1886436202036,320.1886437583233,320.1886438424307,320.18864389364677,320.18864392483516,320.1886439438268,320.18864395539157,320.1886439624341
0.8147882976349099,0.5212386230716931,0.0,178.9627075124979,252.42806155180938,288.72260671608325,309.3752258667303,321.7004415665438,329.1585953430351,333.6903647497133,336.4477023745123,338.12620624251747,339.1481738653004,339.7704546518483,340.14937741342504,340.380116801957,340.520623118343,340.60618323484226,340.65828441216723,340.69001104695644,340.7093307578443,340.7210953615768,340.72825933581527,340.7326217886347,340.7352782743084,340.7368959230242,340.73788097911023,340.73848082225624,340.7388460926251,340.7390685215108,340.73920396805585,340.7392864473007,340.73933667247087,340.73936725674406,340.73938588082785,340.7393972218356,340.73940412786436,340.73940833324343,340.7394108940797,340.7394124534841,340.7394134030722,340.73941398131785,340.7394143334361,340.739414547856,340.7394146784263,340.73941475793544,340.739414806352,340.739414835835,340.7394148537879,340.73941486472154,340.739414871379,340.73941487543294
0.9120773169642309,0.8540491228871119,0.0,252.54521786338185,300.5603024216409,319.6295161987314,330.0120560474165,336.1497687015413,339.85508763517976,342.1050553350929,343.47375220319867,344.3068700226559,344.81410290965107,345.12295477961476,345.3110211996096,345.4255409765261,345.4952764159286,345.53774114938733,345.56359969808966,345.5793460638325,345.5889346980965,345.5947736285008,345.5983292040875,345.6004943470408,345.60181279582105,345.6026156560913,345.6031045523166,345.6034022623065,345.6035835507574,345.6036939451145,345.6037611690002,345.6038021045235,345.6038270319302,345.60384221130334,345.60385145467734,345.60385708336855,345.60386051091984,345.6038625981039,345.60386386908067,345.6038646430325,345.60386511432694,345.6038654013167,345.6038655760778,345.6038656824978,345.60386574730126,345.6038657867624,345.60386581079246,345.603865825425,345.6038658343366,345.6038658397621,345.6038658430661,345.6038658450778
0.08792268303576917,0.1459508771128879,0.0,217.74350117241863,260.8012206088244,278.8039222027822,288.9100052893,294.9717045758269,298.655723138233,300.8996809355965,302.26667819951405,303.0993163276137,303.60641533942373,303.915231130202,304.10328877962115,304.2178071129308,304.28754285062706,304.3300081325684,304.3558671341025,304.37161381588743,304.38120265694664,304.38704171863174,304.39059737624615,304.3927625699875,304.3940810500431,304.39488392950466,304.39537283747836,304.39567055465017,304.3958518474857,304.39596224451753,304.39602947003397,304.3960704065517,304.3960953345641,304.3961105143059,304.3961197579057,304.3961253867324,304.3961288143682,304.39613090160293,304.396132172611,304.3961329465817,304.39613341788646,304.3961337048838,304.39613387964886,304.396133986071,304.3961340508764,304.3961340903389,304.39613411436915,304.3961341290032,304.396134137913,304.39613414333945,304.39613414664353,304.39613414865573
0.8540491228871123,0.08792268303576889,0.0,204.94323678746719,270.7152645657851,300.67964426952386,317.41463069335424,327.3596248684897,333.3711448314217,337.0228616093663,339.2445527960994,340.5969548760702,341.4203685843027,341.9217488524803,342.22705259006995,342.4129630630225,342.52617144464523,342.59510879651555,342.63708770546333,342.6626504749458,342.6782167509688,342.68769572995933,342.6934678902666,342.69698280822115,342.69912319364835,342.7004265667874,342.70122024697287,342.7017035531008,342.70199785906317,342.7021770746648,342.7022862067784,342.7023526620312,342.7023931295025,342.70241777189284,342.7024327777065,342.7024419153933,342.70244747972555,342.7024508680876,342.7024529314076,342.7024541878521,342.7024549529553,342.7024554188596,342.702455702569,342.7024558753313,342.702455980534,342.7024560445966,342.70245608360716,342.70245610736174,342.70245612182737,342.7024561306362,342.70245613599985,342.7024561392667
0.1384094439608052,0.9109596535088531,0.0,182.61159130594112,240.3282888011565,267.4740081852078,283.01505641039455,292.36867402041963,298.0568249012204,301.5217684575997,303.6325395263582,304.9181780010011,305.70115182072,306.1779653430827,306.46832514178607,306.6451397324255,306.75281025978404,306.8183755993243,306.8583011813444,306.8826135901488,306.8974184621156,306.90643378553943,306.911923603922,306.91526659069143,306.91730227932993,306.9185418978627,306.9192967550216,306.91975642009066,306.9200363299738,306.92020677917293,306.9203105730422,306.9203737776061,306.9204122655923,306.92043570258716,306.9204499743843,306.920458665097,306.9204639572474,306.9204671798656,306.9204691422571,306.9204703372422,306.92047106491987,306.92047150803387,306.9204717778658,306.92047194217736,306.9204720422343,306.92047210316395,306.92047214026525,306.9204721628582,306.92047217661604,306.9204721849943,306.9204721900956,306.92047219320216
0.5261827283771233,0.0775640437349836,0.0,91.25007796871839,176.08433674634995,233.66329196678234,269.71741423673143,291.82333596221923,305.30607312803147,313.51911503059785,318.5207115297664,321.56642550010673,323.4210927966389,324.5504801912857,325.23821362882796,325.6570047273321,325.91202500260897,326.06731800708184,326.1618826922386,326.21946724347873,326.25453297678825,326.27588602165866,326.28888881502854,326.29680677826525,326.3016283682905,326.3045644427396,326.30635234525926,326.30744107629005,326.30810405160776,326.3085077658909,326.30875360493997,326.3089033069447,326.30899446695514,326.30904997821864,326.30908378142135,326.30910436565046,326.3091169002763,326.3091245331499,326.3091291811364,326.30913201149565,326.3091337350234,326.30913478455415,326.3091354236586,326.30913581283653,326.30913604982396,326.3091361941362,326.3091362820136,326.30913633552603,326.30913636811266,326.30913638795585,326.3091364000392,326.3091364073968
0.9224359562650162,0.5261827283771229,0.0,262.0856856155649,306.1571577565071,323.1289075351352,332.32507680434406,337.7568153383134,341.03535425895217,343.0260961292443,344.2370957539011,344.97422622341,345.423020160358,345.6962897122566,345.86268973810417,345.96401633783813,346.0257180392209,346.06329074351004,346.086170348819,346.10010271738275,346.1085867346932,346.11375301796346,346.11689899045984,346.11881470875096,346.11998127223717,346.1206916430638,346.1211242185036,346.121387632349,346.1215480364045,346.12164571335387,346.1217051930612,346.1217414128212,346.12176346859616,346.1217768993094,346.12178507784995,346.12179005811566,346.12179309081483,346.1217949375564,346.1217960621164,346.12179674690947,346.1217971639093,346.12179741783905,346.1217975724677,346.1217976666276,346.12179772396655,346.1217977588816,346.12179778014354,346.12179779309025,346.12179780097364,346.12179780577526,346.1217978086995,346.12179781047973
0.526182728377123,0.9224359562650162,0.0,91.2639053029361,176.10241302864227,233.6794161378911,269.7296991664356,291.8319497357823,305.3118261939077,313.5228432002718,318.52308081739795,321.5679117708348,323.4220169401713,324.55105131189634,325.23856507729334,325.65722034705954,325.9121570071605,326.0673986989721,326.16193196422665,326.2194973065553,326.25455130944516,326.27589719657436,326.2888956248978,326.2968109272703,326.3016308957545,326.30456598224,326.306353282911,326.3074416473464,326.3081043993837,326.30850797768176,326.30875373391524,326.30890338548573,326.3089945147829,326.30905000734316,326.3090837991574,326.30910437645065,326.30911690685195,326.30912453715376,326.3091291835747,326.30913201297983,326.3091337359272,326.3091347851035,326.3091354239934,326.30913581304026,326.3091360499478,326.3091361942112,326.3091362820591,326.30913633555343,326.30913636812863,326.309136387965,326.3091364000444,326.3091364074005
0.543947497709886,0.2140474858353925,0.0,92.77033032161403,177.79905515865732,235.16343277453663,271.0023569066684,292.9585892735738,306.34604205606365,314.5000879864587,319.4655131190759,322.48913453291067,324.3303299726793,325.4515082328519,326.1342410658678,326.5499865291148,326.80315199873803,326.95731546536683,327.05119230126115,327.1083579816798,327.14316864254937,327.164366361181,327.17727456901747,327.1851349347489,327.18992145104215,327.19283616752784,327.1946110642379,327.1956918754597,327.1963500280604,327.1967508055808,327.1969948563071,327.1971434693249,327.1972339662036,327.197289073658,327.1973226309643,327.19734306545564,327.1973555088995,327.19736308624914,327.1973677004244,327.19737051019433,327.19737222118425,327.19737326308046,327.1973738975355,327.19737428388305,327.1973745191464,327.1973746624087,327.1973747496474,327.19737480277064,327.19737483511943,327.19737485481795,327.19737486681356,327.197374874118
0.1217714420127025,0.6075326281280349,0.0,193.17285057579068,246.80193221883172,271.08710701600404,284.8896045510394,293.18557799395904,298.22929838647036,301.3015870438982,303.1731718504675,304.3131359035476,305.00739639576415,305.43018736968753,305.6876504103571,305.84443282386684,305.9399049630319,305.9980422176025,306.0334445384434,306.05500254800813,306.0681301518881,306.076124116418,306.08099198620306,306.0839562420364,306.08576130524494,306.0868604860807,306.08752982470037,306.0879374138564,306.08818561247523,306.0883367513215,306.08842878628485,306.08848483034456,306.08851895798995,306.0885397397861,306.0885523947174,306.08856010085134,306.0885647934488,306.0885676509743,306.0885693910446,306.08857045064855,306.0885710958874,306.0885714888005,306.0885717280626,306.0885718737594,306.08857196248107,306.08857201650676,306.0885720494056,306.08857206943884,306.08857208163835,306.08857208906727,306.0885720935912,306.08857209634556
0.7190619371114482,0.6751631004723824,0.0,132.2910461544795,215.30087196791314,263.37744349112637,291.9588807808724,309.20883821430067,319.6784772306828,326.0456434754138,329.9207919045756,332.2799797974749,333.71643796975525,334.59111627514216,335.1237332968199,335.44806317596164,335.645560553786,335.7658248954344,335.8390589352663,335.8836542660672,335.9108102744666,335.92734673496284,335.9374164974144,335.94354840950115,335.9472823950268,335.949556179786,335.9509407853709,335.95178393142464,335.95229735942377,335.95261000787735,335.9528003930081,335.9529163267274,335.95298692377025,335.9530299133552,335.95305609156816,335.9530720326113,335.95308173979976,335.9530876509263,335.95309125046566,335.95309344238143,335.9530947771329,335.953095589921,335.9530960848618,335.95309638625343,335.95309656978367,335.95309668154283,335.9530967495983,335.9530967910396,335.95309681627504,335.9530968316428,335.9530968410003,335.95309684669854
0.5820905873414861,0.7324964277718328,0.0,97.19455061422987,182.5264284187101,239.08565834182355,274.19907532406285,295.6645902362384,308.74288254210086,316.70628995628044,321.55502043092025,324.50741068574786,326.30517813213385,327.39989402159154,328.06650675381155,328.4724337646924,328.71961949252795,328.87014129006815,328.96180041363993,329.0176155732161,329.0516038180305,329.0723007210033,329.08490395579537,329.09257860820384,329.0972520347347,329.1000978855895,329.1018308468729,329.10288612172906,329.10352872410044,329.1039200324015,329.1041583169048,329.10430341861826,329.1043917773112,329.1044455827315,329.1044783471726,329.10449829885454,329.10451044829347,329.1045178466126,329.1045223517674,329.10452509515056,329.10452676571475,329.1045277829939,329.1045284024583,329.1045287796773,329.1045290093824,329.1045291492597,329.10452923443677,329.104529286305,329.10452931788984,329.10452933712315,329.1045293488348,329.10452935596714
0.5644099182478701,0.7021816078378178,0.0,94.88448070420276,180.1020748900598,237.11228824207984,272.62109844338624,294.35169859127274,307.5963128212346,315.66205494285185,320.57334802970485,323.5638975436694,325.384918409419,326.49379892794457,327.16903844197014,327.58021906633905,327.8306040669138,327.98307407821443,328.075919566075,328.13245715856607,328.16688532561375,328.1878501168532,328.200616480624,328.2083904694106,328.2131243861909,328.2160070721882,328.21776246398645,328.21883139775343,328.2194823176279,328.2198786908152,328.2201200595469,328.2202670393805,328.22035654174147,328.22041104359056,328.2204442321168,328.22046444204256,328.2204767487388,328.22048424281667,328.2204888062841,328.22049158517643,328.22049327736397,328.22049430780964,328.220494935293,328.220495317394,328.22049555007175,328.22049569175897,328.22049577803944,328.2204958305792,328.2204958625725,328.2204958820553,328.2204958939185,328.2204959011421
0.7067175643835992,0.4354829413028209,0.0,127.81231712904251,211.3897609666372,260.59825338276323,290.00021247213584,307.77054705727215,318.56046788448816,325.12328559273146,329.1177074445888,331.54956125665035,333.03028011926403,333.9319147888298,334.48094832867616,334.81527560271616,335.0188611075152,335.1428328928851,335.2183246071516,335.2642947558757,335.2922879600419,335.3093342294441,335.3197144384052,335.3260353955831,335.3298844991793,335.3322283844557,335.33365567733796,335.3345248175589,335.33505407454055,335.3353763619514,335.33557261666084,335.33569212462066,335.3357648981741,335.33580921313006,335.3358361984184,335.3358526309247,335.335862637387,335.33586873075393,335.335872441267,335.33587470075895,335.33587607666146,335.3358769145074,335.33587742470803,335.33587773539034,335.3358779245796,335.33587803978503,335.3358781099376,335.3358781526569,335.3358781786706,335.3358781945118,335.3358782041582,335.33587821003175
0.7330565066658725,0.4174102085325246,0.0,137.85425361723077,220.04620173247008,266.7083573228115,294.28547818016114,310.90278973065904,320.9841024750464,327.1143672071031,330.84520717789667,333.1165205241092,334.4994723975639,335.3415709964615,335.85435010438994,336.1666004120703,336.3567422837779,336.4725276589279,336.54303431525824,336.5859688476897,336.6121135344741,336.62803416207043,336.63772891926,336.6436324753215,336.6472274053891,336.6494165134444,336.65074955580377,336.65156130281736,336.6520556105988,336.65235661593476,336.6525399110712,336.6526515273877,336.6527194953784,336.6527608840199,336.65278608735,336.65280143474484,336.65281078043546,336.65281647143007,336.6528199369219,336.6528220472088,336.65282333225525,336.6528241147739,336.6528245912841,336.652824881452,336.6528250581469,336.6528251657443,336.65282523126535,336.6528252711641,336.6528252954591,336.65282531025423,336.65282531926334,336.65282532474896
0.4349595275068419,0.2927775579108195,0.0,91.2522226173087,174.59529359812703,230.94616271087924,266.24764632078114,287.9138115931383,301.13745828699297,309.1957105976355,314.103962839833,317.0931010615166,318.9133917746929,320.02186635192936,320.6968705686685,321.1079117032955,321.35821302512545,321.5106325217657,321.6034474107042,321.6599664321364,321.6943833151118,321.71534124508946,321.7281034349684,321.7358748838882,321.7406072548062,321.74348899979356,321.74524381871606,321.7463124036976,321.7469631112083,321.7473593550905,321.747600645089,321.74774757697895,321.7478370501477,321.7478915342196,321.74792471192217,321.7479449152564,321.74795721793794,321.7479647095716,321.74796927155086,321.7479720495366,321.74797374117196,321.74797477128203,321.74797539856,321.74797578053705,321.7479760131392,321.747976154781,321.7479762410326,321.7479762935548,321.7479763255381,321.7479763450137,321.7479763568737,321.7479763640948
0.4173567989615063,0.2668919752009045,0.0,92.53649731712436,175.4980148620726,231.23020185252113,266.0849246125832,287.47043016288745,300.5228421176441,308.4770734067804,313.3221072538705,316.2727925470826,318.0696812604236,319.16390946789755,319.8302396850934,320.23599921687423,320.4830844562009,320.63354557726944,320.72516793860996,320.78096078259637,320.81493546626035,320.8356241225559,320.84822234029053,320.8558939395861,320.860565507797,320.86341022740913,320.865142499989,320.8661973555331,320.8668397025988,320.8672308554456,320.8674690452921,320.86761408936826,320.8677024129633,320.8677561970117,320.86778894843854,320.86780889219636,320.8678210368099,320.86782843218964,320.8678329355551,320.8678356778486,320.8678373477502,320.8678383646247,320.8678389838433,320.8678393609124,320.8678395905264,320.86783973034784,320.8678398154917,320.86783986733906,320.86783989891103,320.8678399181366,320.8678399298442,320.86783993697304
0.4611585334027365,0.4878370116552401,0.0,90.08941853249794,173.93856150754775,230.98903154907308,266.78207179283174,288.7533343283413,302.1619658524651,310.33222282802336,315.30842688658834,318.33885816925124,320.18426605463526,321.3080264019407,321.9923356959018,322.40904200937644,322.66279270481147,322.8173125211567,322.91140632462174,322.96870410739945,323.0035952013395,323.02484189440656,323.03777992268766,323.0456584463746,323.05045601938116,323.0533774685784,323.0551564650383,323.0562397727357,323.05689944553086,323.05730114875627,323.05754576318077,323.05769471945644,323.05778542536063,323.05784066009727,323.05787429491284,323.05789477660255,323.05790724878705,323.0579148436386,323.057919468471,323.05792228473103,323.05792399967333,323.0579250439761,323.05792567989664,323.05792606713595,323.0579263029433,323.0579264465363,323.0579265339763,323.05792658722197,323.05792661964614,323.05792663939,323.05792665141337,323.05792665873474
0.5182898947735822,0.8137027004249797,0.0,90.77608868165422,175.51648230209162,233.13270286460752,269.2338394554672,291.373537647965,304.8777937837795,313.10406086611243,318.1136943971341,321.1642779871467,323.021895363881,324.15307129536177,324.8418900575583,325.2613403028244,325.51676116659013,325.6722977514,325.7670106054526,325.8246853134756,325.8598059164675,325.88119236037227,325.89421548593515,325.902145827725,325.90697495444596,325.9099156178155,325.9117063145082,325.9127967469351,325.91346075826425,325.9138651034016,325.9141113265971,325.91426126252105,325.9143525649736,325.91440816297546,325.91444201899765,325.91446263539024,325.91447518960064,325.91448283440116,325.9144874896497,325.9144903244321,325.91449205065254,325.914493101823,325.91449374192587,325.91449413171256,325.9144943690701,325.9144945136078,325.9144946016224,325.9144946552191,325.91449468785555,325.9144947077296,325.91449471983185,325.9144947272016
0.5780867636874197,0.4148959488896735,0.0,96.65586200465162,181.96267083835932,238.6276320471221,273.8338902927629,295.36199790057447,308.4797892902701,316.4676163437491,321.3313306578838,324.29288491797223,326.09624774381666,327.1943768837119,327.8630705538119,328.2702657731244,328.5182242095029,328.66921673278415,328.76116258394296,328.8171523801407,328.85124698434987,328.87200866096856,328.88465134221104,328.8923500165703,328.8970380716747,328.89989283074965,328.9016312167415,328.9026897949844,328.90333440895233,328.90372694220997,328.9039659726468,328.9041115285931,328.90420016388805,328.904254137743,328.90428700475303,328.9043070188929,328.9043192063655,328.9043266278442,328.9043311471025,328.904333899074,328.90433557486756,328.90433659533124,328.9043372167351,328.9043375951343,328.90433782555925,328.9043379658743,328.9043380513186,328.90433810334815,328.9043381350325,328.9043381543258,328.9043381660744,328.9043381732283
0.3976040353261615,0.4655667764418161,0.0,94.47464974295703,176.957668909208,231.8499064513791,266.0911510714649,287.089064359041,299.90420965785836,307.7140294026687,312.4712011198784,315.36840966331,317.1327405716143,318.20714390745576,318.8614017425605,319.2598096323209,319.50241797996983,319.6501528439839,319.7401150285954,319.79489690013185,319.8282559503082,319.84856971688663,319.86093964635415,319.8684722303026,319.8730591457312,319.875852316462,319.87755319863817,319.8785889391828,319.8792196462874,319.8796037110549,319.8798375846622,319.8799800003909,319.88006672347274,319.8801195328988,319.88015169083707,319.8801712731929,319.8801831977338,319.88019045910136,319.880194880862,319.88019757346194,319.8801992131027,319.88020021155063,319.8802008195486,319.88020118978454,319.88020141523765,319.88020155252553,319.88020163612623,319.88020168703423,319.88020171803413,319.8802017369117,319.8802017484069,319.8802017554063
0.3625565555550968,0.9198148999647496,0.0,99.43572017148733,180.87289559111278,233.8311970156367,266.6523435556557,286.7498398891973,299.0125291235559,306.48568154233254,311.0378964639517,313.8103255368855,315.49867948487395,316.5268175848423,317.1529018563849,317.5341530968737,317.76631370312475,317.90768632571036,317.99377419030554,318.04619678586465,318.0781191551217,318.09755805756066,318.1093952413398,318.1166034120551,318.12099277765435,318.12366565149944,318.12529327959464,318.12628441251553,318.12688795609034,318.1272554798031,318.1274792808434,318.1276155629516,318.1276985510048,318.12774908601125,318.12777985895616,318.12779859793045,318.1278100088997,318.1278169575318,318.1278211888533,318.1278237654878,318.1278253345111,318.12782628995797,318.1278268717703,318.1278272260608,318.12782744180356,318.1278275731788,318.127827653179,318.1278277018943,318.12782773155965,318.1278277496239,318.1278277606231,318.12782776732263
0.36162770308072,0.08021857427757628,0.0,99.57931304043844,180.98023721833593,233.88152724655563,266.66353140852186,286.7375172548246,298.9863869759379,306.4513878986472,310.9987589690524,313.76829092115736,315.454903500996,316.4819911236757,317.10744003397366,317.4883062607249,317.72023323930057,317.8614639562393,317.9474655660615,317.99983570640825,318.0317261636586,318.0511456467425,318.06297101103917,318.0701719869018,318.0745569723572,318.0772271794321,318.0788531838288,318.0798433281032,318.0804462696908,318.0808134268448,318.08103700468,318.08117315087145,318.0812560561615,318.0813065407701,318.0813372830263,318.0813560033125,318.0813674029027,318.0813743446042,318.08137857170664,318.08138114577145,318.08138271322986,318.0813836677234,318.081384248956,318.0813846028933,318.0813848184212,318.0813849496651,318.0813850295847,318.08138507825197,318.0813851078875,318.0813851259338,318.08138513692325,318.0813851436151
0.9197814257224237,0.36162770308072,0.0,259.6785909791482,304.7529916500817,322.2445531992398,331.73873559093175,337.3486371421432,340.7350458830581,342.7913514046182,344.0422507613157,344.80367324514566,345.2672590509875,345.5495361169913,345.7214213493026,345.8260882162085,345.88982399619096,345.9286353607396,345.9522692499317,345.96666093911966,345.97542465864564,345.98076126558203,345.9840109559126,345.9859898326456,345.9871948561125,345.98792864691393,345.9883754838026,345.9886475820655,345.9888132744398,345.9889141716763,345.98897561235725,345.9890130262381,345.98903580916505,345.9890496826718,345.98905813084895,345.9890632753081,345.9890664079915,345.9890683156172,345.9890694772538,345.9890701846232,345.98907061537193,345.98907087767276,345.9890710373987,345.9890711346634,345.989071193892,345.9890712299588,345.9890712519211,345.9890712652948,345.9890712734398,345.9890712783997,345.989071281419,345.98907128325783
0.08267637014511081,0.3637981115892924,0.0,221.82108947544594,263.05346444079817,280.03766107128297,289.55485384649467,295.26173032557426,298.7298908488113,300.84233076060224,302.12919919472546,302.9130275172597,303.390398638146,303.681109955941,303.8581423539118,303.9659466973196,304.03159390652087,304.0715694715055,304.09591236253084,304.1107358132123,304.11976245648214,304.1252591705908,304.12860635752617,304.1306446042749,304.1318857807403,304.13264158667226,304.1331018295256,304.1333820912616,304.13355275472577,304.1336566790742,304.133719963093,304.1337584994631,304.1337819659214,304.1337962556602,304.1338049572984,304.1338102561018,304.13381348277164,304.13381544763047,304.13381664411736,304.1338173727099,304.1338178163817,304.13381808655237,304.13381825107103,304.1338183512529,304.13381841225845,304.13381844940756,304.1338184720286,304.1338184858039,304.13381849419216,304.1338184992998,304.133818502411,304.1338185043054
0.861121950046244,0.1584240138910451,0.0,210.24340282132303,274.2263903854238,302.9363484363189,318.9209943344531,328.41378943361013,334.15103361381483,337.6359827953016,339.75618253773035,341.0467972125622,341.8325897024421,342.31106171625055,342.60241583818186,342.77983182541067,342.8878675493504,342.95365504308506,342.993715864713,343.01811062651655,343.0329656514955,343.0420115186727,343.04751993834356,343.0508742531714,343.0529168403922,343.05416065996826,343.05491807541335,343.05537929837334,343.0556601569415,343.05583118384425,343.0559353295058,343.05599874829255,343.05603736672856,343.0560608831593,343.05607520333,343.05608392349893,343.05608923358614,343.056092467128,343.0560944361707,343.0560956352054,343.0560963653488,343.05609680996594,343.0560970807122,343.0560972455813,343.05609734597675,343.05609740711265,343.05609744434,343.0560974670098,343.05609748081497,343.0560974892205,343.05609749433944,343.056097497456
0.1385531988474467,0.8417738917168569,0.0,182.5372498919525,240.27773324841937,267.4460072515744,283.00081932464883,292.3627943360122,298.05604381572357,301.52409866817527,303.6367672442786,304.9235623956035,305.70724106322683,306.1844840065099,306.47510538676653,306.652079303731,306.75984686819754,306.82547130495647,306.865432876931,306.8897672029262,306.9045854218103,306.91360887300726,306.9191036408544,306.9224496416159,306.9244871656277,306.92572790180725,306.9264834395528,306.9269435190626,306.9272236813169,306.92739428419696,306.92749817164935,306.9275614332004,306.92759995588773,306.92762341401334,306.92763769867815,306.9276463972276,306.9276516941486,306.92765491967316,306.9276568838337,306.9276580798958,306.9276588082298,306.92765925174336,306.9276595218189,306.92765968627907,306.92765978642603,306.92765984740953,306.9276598845453,306.9276599071583,306.9276599209282,306.92765992931413,306.92765993442043,306.92765993752994
0.1584240138910453,0.1388780499537561,0.0,170.77006535825268,232.82957826871055,263.26367867713486,280.8365501521698,291.43125641362786,297.8765506059066,301.8030628010089,304.195079666704,305.65204121429673,306.5393621088715,307.07972469416336,307.40878513793007,307.60916735053996,307.73118967728453,307.8054946366205,307.8507422304592,307.8782954762033,307.89507384841136,307.9052909276966,307.91151254986556,307.91530116475195,307.91760821611007,307.9190130793431,307.91986856123015,307.92038950108315,307.92070672384375,307.9208998944731,307.9210175244049,307.9210891543465,307.9211327729093,307.92115933413294,307.92117550840845,307.9211853576227,307.92119135523467,307.9211950074388,307.9211972314233,307.92119858570453,307.9211994103833,307.92119991256703,307.92120021836814,307.921200404583,307.9212005179775,307.9212005870284,307.92120062907657,307.9212006546813,307.9212006702734,307.9212006797677,307.92120068554914,307.92120068907
0.3249797351443487,0.7320521625131071,0.0,106.72917085082558,186.68205533767292,236.9998748617599,267.89953902228945,286.78057602564434,298.2968041628118,305.31497325217947,309.59019201315925,312.1939936272593,313.779681765564,314.7453086996604,315.3333294047839,315.6914028419806,315.9094497470712,316.0422280251713,316.1230824599278,316.17231820913577,316.2022999762528,316.2205571648791,316.23167475321935,316.2384447316926,316.2425672633319,316.245077650555,316.24660633357337,316.2475372145851,316.24810406818114,316.24844924978504,316.24865944575447,316.24878744314606,316.2488653862801,316.2489128492168,316.2489417514475,316.2489593512616,316.2489700685478,316.24897659476557,316.2489805688619,316.2489829888601,316.2489844625015,316.2489853598648,316.248985906309,316.248986239062,316.2489864416892,316.248986565078,316.24898664021487,316.24898668596876,316.2489867138307,316.24898673079684,316.24898674112814,316.24898674741905
0.8423539971177724,0.8605523440151819,0.0,196.9307116585723,265.1626114130642,297.06792604814007,314.99238413172463,325.6579070653865,332.1068422446341,336.0245061506285,338.4080110491369,339.8589028681415,340.7422746132935,341.280159555516,341.6076900307995,341.80713428422547,341.9285835333092,342.0025389197604,342.04757344691126,342.07499687974115,342.09169617900096,342.1018650982071,342.10805739003507,342.1118281429539,342.1141243167849,342.1155225559657,342.1163740040732,342.1168924875358,342.117208214474,342.1174004742234,342.11751754947824,342.1175888416512,342.1176322545292,342.1176586905053,342.11767478850993,342.1176845912803,342.11769056060984,342.1176941955924,342.1176964090899,342.11769775698417,342.1176985777749,342.1176990775903,342.1176993819484,342.1176995672857,342.1176996801461,342.11769974887136,342.1176997907207,342.1176998162053,342.1176998317231,342.11769984117336,342.1176998469274,342.11769985043196
0.788879302581412,0.6899517328713793,0.0,164.28780772967914,241.34570284076798,281.31063690662955,304.34076812737777,318.1272919933549,326.476324056039,331.55053078600804,334.6381148695431,336.5176918216992,337.6620912773533,338.35892246048513,338.7832408652017,339.0416231300366,339.1989621966396,339.29477242487565,339.35311530612705,339.3886427705628,339.4102769649948,339.42345095519926,339.43147316462273,339.4363582334189,339.4393329623101,339.4411444029648,339.4422474672848,339.44291917071894,339.4433281999114,339.4435772754293,339.4437289482573,339.44382130838403,339.44387755044994,339.44391179866966,339.4439326538887,339.44394535353115,339.4439530868916,339.44395779606856,339.44396066368915,339.4439624099071,339.44396347325466,339.4439641207729,339.4439645150742,339.44396475518164,339.44396490139303,339.44396499042836,339.44396504464515,339.44396507766066,339.4439650977652,339.443965110007,339.44396511746123,339.4439651220014
0.335574695479901,0.5010379459351124,0.0,104.52176277569009,184.9200299368642,236.0241795748939,267.4959952206003,286.73972284876777,298.4787872084365,305.6329037448504,309.9909401959458,312.64518064422253,314.2615867099311,315.2459210650689,315.84533454125375,316.21034602574167,316.4326180410044,316.56796927805607,316.6503905467631,316.7005804302721,316.7311432204591,316.74975422330425,316.76108726623823,316.7679884451219,316.77219087070785,316.7747499089589,316.77630821775625,316.77725713921257,316.77783497842665,316.77818684965365,316.77840111922455,316.7785315972099,316.778611050885,316.77865943365515,316.77868889601183,316.77870683691077,316.7787177618994,316.77872441459556,316.7787284657091,316.7787309326072,316.778732434808,316.7787333495631,316.77873390659613,316.77873424579855,316.7787344523531,316.77873457813297,316.7787346547258,316.77873470136643,316.77873472976813,316.77873474706314,316.7787347575945,316.77873476400777
0.813867331398126,0.6380229376103018,0.0,178.42422491381316,252.0266856872098,288.45467152720687,309.19369031786005,321.57195707922705,329.0624024626979,333.6138070283466,336.38308675008795,338.0688562660812,339.0952455234792,339.72021767082026,340.1007788198193,340.3325156783584,340.4736293042175,340.5595591971941,340.6118855297332,340.64374926354543,340.6631524565751,340.67496789471284,340.6821628235686,340.6865441257081,340.68921208942277,340.69083672755784,340.69182603977936,340.69242847465966,340.69279532324305,340.69301871316975,340.69315474493266,340.6932375805418,340.69328802271724,340.69331873913416,340.69333744368566,340.6933488336941,340.69335576956104,340.69335999310994,340.6933625650119,340.69336413115286,340.69336508484463,340.6933656655877,340.6933660192284,340.6933662345743,340.6933663657092,340.6933664455611,340.6933664941874,340.69336652379764,340.6933665418288,340.6933665528089,340.69336655949485,340.6933665635667
0.6421978228982184,0.7775513708441735,0.0,108.72284193237931,193.91956126487483,247.86323216301884,280.8437247944493,300.90960231652923,313.1168355175341,320.5461047699434,325.06877223273517,327.8224188739249,329.49911466724825,330.5200920084682,331.14179864198684,331.5203794043948,331.7509125391639,331.891293771967,331.97677784361485,332.02883274012606,332.06053119613466,332.0798337471179,332.09158790054954,332.0987455105836,332.103104087667,332.10575821309527,332.10737442448846,332.1083586052958,332.1089579154334,332.10932286122494,332.109545092459,332.10968041864385,332.10976282459546,332.10981300513436,332.1098435622292,332.1098621697627,332.10987350069206,332.1098804005846,332.1098846022265,332.1098871607871,332.1098887188058,332.1098896675499,332.1098902452817,332.1098905970875,332.10989081131635,332.10989094177006,332.10989102120925,332.1098910695827,332.1098910990396,332.10989111697745,332.1098911279003,332.1098911345513
0.1697983921854093,0.6689821178317,0.0,164.3028556166858,228.6805978420822,260.9340551423558,279.6376132257413,290.9230104321012,297.7893452457401,301.972353148042,304.52057889273806,306.0726612902939,307.0179019509158,307.5935320672778,307.94406718458407,308.1575256389927,308.28751036583776,308.36666384272377,308.4148638490032,308.4442149197488,308.4620880535184,308.4729717752144,308.4795993424486,308.48363515380566,308.4860927333247,308.4875892594572,308.48850055875477,308.4890554881998,308.4893934086749,308.4895991830281,308.4897244879081,308.48980079145485,308.48984725597626,308.4898755502285,308.48989277981855,308.48990327165956,308.489909660594,308.4899135510921,308.4899159201844,308.4899173628269,308.4899182413138,308.48991877626236,308.4899191020154,308.4899193003806,308.48991942117436,308.4899194947303,308.48991953952134,308.4899195667973,308.48991958340713,308.4899195935206,308.48991959967964,308.48991960343
0.3668401799204411,0.3224601100870016,0.0,98.70319326208693,180.28652140615256,233.51595734709974,266.5368934030717,286.7618651888188,299.1032189762769,306.62451827382296,311.20613446112117,313.99650179196306,315.69579460709474,316.7306008578629,317.3607488009486,317.74447598985887,317.978144930189,318.1204363172206,318.2070837781035,318.2598471891572,318.2919771190157,318.311542424301,318.32345658471723,318.33071163179574,318.3351295432963,318.33781980035087,318.33945801399847,318.3404555929908,318.341063061889,318.34143297591396,318.3416582325256,318.3417954009951,318.34187892879436,318.3419297924755,318.341960765565,318.341979626416,318.3419911116015,318.34199810542657,318.3420023642681,318.3420049576606,318.3420065368893,318.3420074985499,318.34200808414636,318.3420084407412,318.34200865788716,318.342008790117,318.3420088706373,318.34200891966964,318.3420089495276,318.34200896770955,318.342008978781,318.3420089855228
0.6807452934329397,0.370055094090986,0.0,119.19699566483335,203.68957961851157,255.0636449581528,286.0672094188821,304.85861978456484,316.2778148064278,323.22512678090965,327.45393258720287,330.02856663297814,331.5962437609627,332.55083473602366,333.13211677845857,333.48608193063654,333.7016259195564,333.8328797917696,333.9128059024909,333.96147635448887,333.9911138931291,334.0091614701339,334.02015141909396,334.026843673522,334.03091887614477,334.03340044292156,334.0349115760313,334.0358317701927,334.0363921161257,334.03673333494254,334.0369411178022,334.03706764575094,334.0371446940778,334.03719161212763,334.03722018255274,334.03723758031737,334.0372481745668,334.0372546258627,334.03725855433413,334.03726094655093,334.03726240327467,334.03726329033594,334.0372638305064,334.0372641594396,334.03726435974136,334.037264481713,334.0372645559871,334.0372646012162,334.03726462875767,334.0372646455289,334.0372646557413,334.0372646619613
0.6297466306219924,0.6808896926643312,0.0,105.85706552332223,191.1709677289104,245.7949716838267,279.3134667967948,299.7292541022241,312.1536004615407,319.71586471607134,324.3196889164095,327.12279704119,328.8296234310386,329.8689519949784,330.50183458031927,330.887221242323,331.12189892216537,331.2648040006977,331.3518249722048,331.4048157620966,331.43708412762925,331.4567337226717,331.4686992068737,331.47598550562174,331.48042244694136,331.48312429178895,331.48476956161886,331.48577143737276,331.4863815227317,331.4867530300219,331.4869792568359,331.48711701610307,331.4872009036638,331.48725198641773,331.4872830929107,331.48730203499656,331.48731356964936,331.48732059359685,331.4873248707825,331.48732747534433,331.48732906137525,331.48733002717717,331.4873306152959,331.48733097342654,331.487331191508,331.48733132430715,331.4873314051745,331.4873314544179,331.4873314844041,331.4873315026642,331.4873315137838,331.4873315205544
0.8634013627198585,0.6696306663462442,0.0,211.82246585171015,275.33373923937705,303.6568674066614,319.403908236384,328.75241190867916,334.4018592574795,337.83333106298073,339.9209477586603,341.19170988330467,341.9654074445142,342.4365115247885,342.72337769551797,342.8980601879311,343.00443110624025,343.0692047114509,343.1086480811472,343.13266682716943,343.1472928699557,343.1561992956264,343.16162280143027,343.1649254076984,343.1669365069776,343.1681611520273,343.16890689120424,343.16936100395156,343.1696375327896,343.169805923126,343.16990846326667,343.1699709043823,343.1700089274705,343.1700320813694,343.17004618077675,343.17005476651457,343.17005999474156,343.1700631784329,343.1700651171213,343.1700662976708,343.17006701656,343.1700674543218,343.17006772089417,343.1700678832213,343.17006798206944,343.1700680422622,343.17006807891636,343.1700681012363,343.1700681148285,343.17006812310524,343.17006812814486,343.1700681312142
0.1346068539060787,0.6692006635888895,0.0,184.85816468672576,241.76692557136107,268.28298404558024,283.4340897746168,292.54968777378446,298.0927526980102,301.46930447343044,303.52624005470204,304.77909458917117,305.5421053421971,306.006763010095,306.28972090015617,306.4620283129315,306.56695430414237,306.6308484138224,306.6697563284909,306.6934490431793,306.70787655996867,306.71666209700425,306.72201198918583,306.7252697691372,306.727253571793,306.72846159476694,306.7291972120497,306.72964516113973,306.7299179366614,306.73008404144264,306.73018518980956,306.73024678341335,306.7302842904161,306.7303071300478,306.7303210380854,306.7303295072886,306.7303346645523,306.7303378050328,306.73033971740654,306.73034088193384,306.73034159106425,306.73034202288477,306.7303422858386,306.730342445963,306.7303425434693,306.73034260284516,306.7303426390017,306.730342661019,306.7303426744264,306.7303426825909,306.73034268756214,306.7303426905894
0.9219940495487315,0.7209693431584663,0.0,261.88294387338465,305.94913580981944,322.988795213384,332.23105595899705,337.69101990418596,340.98669590536036,342.98784533021046,344.20517084933556,344.9461486501904,345.397283422669,345.6719775849975,345.839244767282,345.9410992657838,346.0031223626486,346.0408907503686,346.06388950351186,346.07789442098533,346.0864226141229,346.0916157969384,346.0947781492804,346.09670384177247,346.0978764788945,346.09859054818054,346.09902537575636,346.0992901610179,346.0994514001834,346.099549585667,346.099609375043,346.0996457833725,346.09966795397503,346.0996814546107,346.09968967573127,346.0996946819254,346.09969773041394,346.0996995867691,346.0997007171849,346.09970140554236,346.09970182471443,346.0997020799654,346.09970223539995,346.09970233004975,346.09970238768636,346.0997024227834,346.0997024441561,346.0997024571702,346.0997024650962,346.09970246992236,346.09970247286026,346.0997024746499
0.07786017839806209,0.7210053908510636,0.0,225.74223542282874,265.1103691626692,281.16296054607926,290.14297808771914,295.52577945869007,298.7966835798646,300.78891092181925,302.002528557203,302.7417327852412,303.1919236420437,303.4660812645555,303.6330324770681,303.73469759061015,303.7966062125429,303.83430513042987,303.85726164755954,303.8712408645894,303.87975341292815,303.8849370704451,303.8880936228433,303.89001578361575,303.8911862701551,303.8918990298689,303.8923330599916,303.8925973596511,303.8927583031122,303.8928563085278,303.89291598825326,303.89295232981215,303.89297445975524,303.8929879356325,303.8929961416753,303.8930011386888,303.89300418158564,303.8930060345376,303.89300716287977,303.8930078499752,303.8930082683775,303.89300852316063,303.89300867830946,303.89300877278663,303.89300883031626,303.89300886535034,303.8930088866832,303.8930088996734,303.89300890758363,303.8930089124017,303.8930089153347,303.89300891712077
0.5035987531895807,0.6317686213858298,0.0,90.2752574527079,174.80764026371367,232.3748901850645,268.47361660789073,290.6200251972778,304.13072261998866,312.36159334552343,317.3742309992711,320.4267046762959,322.285492019688,323.4173865929739,324.10664508483586,324.52636386019526,324.78194852912014,324.9375849737962,325.0323586820905,325.0900704656652,325.12521365349005,325.1466138536661,325.15964535747844,325.16758080178033,325.17241303591607,325.17535559164605,325.1771474407297,325.1782385749215,325.17890301359535,325.17930761896605,325.17955400062954,325.17970403305344,325.179795394269,325.17985102805414,325.17988490586646,325.1799055355279,325.1799180978184,325.17992574753924,325.17993040578443,325.179933242391,325.1799349697227,325.17993602156963,325.1799366620848,325.1799370521219,325.1799372896321,325.1799374342626,325.1799375223344,325.17993757596497,325.1799376086232,325.17993762850926,325.17993764062015,325.1799376479946
0.6750095068110472,0.7818577614383002,0.0,117.46196757023766,202.09837313842155,253.90659596643573,285.2385243278383,304.2401889736127,315.78893506703236,322.81531362361915,327.0922630176098,329.6961979770912,331.2817080540386,332.24715348711777,332.8350430465528,333.19303079146647,333.41102386009953,333.54376888300135,333.62460293165634,333.6738262274896,333.7038003995722,333.7220529597346,333.7331677285074,333.7399359896679,333.7440574754405,333.74656722574787,333.7480955209035,333.7490261657239,333.74959287548955,333.7499379695085,333.750148112142,333.7502760770563,333.75035400041224,333.75040145130583,333.75043034620177,333.750447941551,333.75045865611776,333.7504651806797,333.7504691537669,333.7504715731507,333.75047304641913,333.7504739435553,333.75047448985924,333.7504748225281,333.7504750251045,333.75047514846233,333.7504752235793,333.7504752693224,333.7504752971767,333.7504753141385,333.7504753244676,333.7504753307568
0.2572193505212285,0.5563155390827353,0.0,126.04747396572091,201.65755012613076,245.51934367089953,271.8670083063519,287.8854969332065,297.6462670036375,303.59399228072556,307.21726348921175,309.42408419758794,310.76804716456047,311.58648289639166,312.0848746555254,312.38836994880245,312.57318216601624,312.68572252560404,312.7542532657295,312.79598460505076,312.82139662141697,312.8368710951541,312.846294169849,312.85203228650965,312.85552647325676,312.85765423428995,312.85894991976807,312.8597389185494,312.8602193739437,312.8605119439607,312.86069010246564,312.86079859086476,312.86086465413126,312.8609048829055,312.8609293799408,312.86094429724295,312.86095338103087,312.8609589125419,312.8609622809175,312.8609643320666,312.86096558109995,312.86096634168996,312.86096680484684,312.86096708688274,312.86096725862586,312.8609673632083,312.86096742689284,312.8609674656732,312.86096748928793,312.8609675036688,312.8609675124251,312.86096751775796
0.413910613943031,0.3926241254378325,0.0,92.81008355422193,175.69405162504677,231.2989851203617,266.06157626967615,287.3890112137948,300.4058829343259,308.33847160887103,313.1703287808371,316.11298909867105,317.90498949430474,318.99623994044777,319.6607562946937,320.06541100128095,320.31182332998185,320.4618746248751,320.55324739749005,320.6088882436939,320.64277036384,320.6634026517827,320.67596654332544,320.6836172394515,320.6882760786148,320.6911130468689,320.69284059927406,320.69389258048244,320.6945331772325,320.69492326423415,320.69516080503985,320.6953054538857,320.6953935368091,320.6954471743005,320.6954798364839,320.6954997258962,320.69551183741765,320.6955192126457,320.6955237037398,320.6955264385608,320.69552810391133,320.6955291180152,320.695529735547,320.69553011158814,320.6955303405761,320.695530480017,320.6955305649288,320.6955306166347,320.69553064812084,320.6955306672944,320.6955306789699,320.6955306860793
0.4856487178420891,0.06171713454450045,0.0,89.8002364796102,174.06164429815755,231.5274342447316,267.5927043773993,289.7282817904746,303.23536104142954,311.4649516285811,316.4771028371564,319.5293770498992,321.3880764004855,322.5199295480263,323.20916743611645,323.62887549230163,323.8844543789295,324.0400876133441,324.1348594985684,324.1925702285062,324.22771279913826,324.2491126340754,324.26214392009393,324.27007923378585,324.2749113892685,324.2778538974872,324.27964571780876,324.2807368345583,324.2814012626446,324.28180586158095,324.2820522393333,324.28220226937844,324.28229362914624,324.28234926205084,324.2823831393269,324.2824037686617,324.2824163307535,324.2824239803539,324.28242863852466,324.282431475086,324.2824332023911,324.2824342542214,324.28243489472624,324.28243528475747,324.28243552226417,324.2824356668922,324.2824357549623,324.28243580859237,324.2824358412497,324.28243586113643,324.28243587324584,324.28243588062026
0.9382828654554997,0.485648717842089,0.0,277.594549707419,314.8475414527314,328.5243168918855,335.88550187127714,340.22829014997166,342.8488529494889,344.439957975403,345.40783265801383,345.9969703080026,346.3556597195012,346.5740647285539,346.70705648431516,346.788039667417,346.83735347881253,346.867382690829,346.8856687471066,346.89680390836656,346.9035845864522,346.90771363333187,346.9102279879715,346.91175908695226,346.9126914391686,346.91325918865635,346.91360491581264,346.9138154439942,346.91394364368693,346.9140217100115,346.9140692479635,346.9140981958736,346.91411582350435,346.9141265577302,346.9141330942628,346.9141370746401,346.9141394984628,346.9141409744334,346.9141418732153,346.91414242052275,346.91414275380225,346.9141429567499,346.9141430803333,346.9141431555892,346.9141432014152,346.9141432293216,346.9141432463145,346.9141432566623,346.91414326296234,346.9141432668006,346.91414326913673,346.91414327055975
0.06171713454450045,0.4856487178420892,0.0,238.8264463494754,272.0785901255729,284.97001855047824,292.13210732773405,296.42070358403197,299.026250157098,300.6131939720752,301.57992898285835,302.1687639780885,302.5273790388669,302.74576967308985,302.8787613607757,302.95974694377617,303.00906290282074,303.03909361553684,303.05738063988156,303.06851640588405,303.0752974565079,303.0794267314476,303.08194122530216,303.08347240915054,303.08440481307446,303.0849725940564,303.08531834039314,303.08552888025565,303.0856570870607,303.0857351577163,303.0857826983058,303.08581164782254,303.08582927643175,303.0858400112523,303.08584654814763,303.0858505287459,303.08585295270393,303.08585442875614,303.08585532758804,303.0858558749253,303.08585620822316,303.0858564111821,303.0858565347727,303.0858566100328,303.0858566558612,303.0858566837685,303.0858567007624,303.08585671111103,303.08585671741173,303.08585672124934,303.08585672358635,303.0858567250091
0.4856487178420892,0.9382828654554995,0.0,89.81181577594882,174.0779445002571,231.54255319819077,267.60444828193386,289.7365971842648,303.24094418816367,311.4685807537772,316.4794135328397,319.53082833657487,321.3889795302752,322.52048799558196,323.2095112204273,323.6290864679954,323.8845835655481,324.0401665936497,324.13490773021175,324.19259965891035,324.2277307469003,324.2491235747728,324.26215058740706,324.2700832960133,324.2749138639026,324.27785540482284,324.2796466358763,324.2807373936909,324.2814016031598,324.2818060689508,324.2820523656168,324.28220234628026,324.28229367597567,324.28234929056777,324.282383156692,324.2824037792352,324.2824163371925,324.282423984274,324.2824286409118,324.2824314765398,324.2824332032757,324.28243425476023,324.2824348950533,324.28243528495636,324.282435522385,324.28243566696557,324.2824357550072,324.282435808619,324.2824358412661,324.2824358611462,324.2824358732518,324.282435880623
0.7842788919104843,0.3466469447266011,0.0,161.60839464339907,239.33795674261722,279.97202292024264,303.4329740135277,317.4841300596812,325.994601262735,331.16718367245824,334.31470112048305,336.23078778634294,337.3974262165091,338.1078027887263,338.54037099519104,338.80377756522586,338.9641764358707,339.06185003838385,339.1213276649348,339.15754614952687,339.17960114683586,339.19303138684734,339.20120963993116,339.2061897313626,339.20922232404047,339.211069000626,339.2121935217028,339.21287829111617,339.21329527676085,339.2135491973126,339.21370382049344,339.21379797721926,339.21385531331214,339.21389022773263,339.21391148862887,339.21392443530715,339.213932319098,339.21393711987804,339.21394004328045,339.2139418234659,339.21394290749805,339.21394356761186,339.21394396958317,339.21394421436077,339.213944363417,339.21394445418355,339.21394450945473,339.21394454311206,339.213944563608,339.21394457608835,339.21394458368786,339.2139445883166
0.3466469447266011,0.2157211080895158,0.0,102.20336799902613,183.07820402108064,235.0071120390123,267.07642676898496,286.6984063263155,298.66979850378897,305.96565250394235,310.41003850649184,313.1168715622853,314.7653085264865,315.7691504870677,316.380444297577,316.75269085974537,316.9793689183269,317.11740331816844,317.2014585400773,317.2526434346966,317.2838121418043,317.30279211877166,317.31434984824045,317.321387849447,317.32567359248736,317.3282833665217,317.32987257061086,317.33084030558086,317.33142960117044,317.3317884486863,317.33200696642365,317.3321400313029,317.3322210602485,317.3322704022703,317.33230044875523,317.3323187453572,317.3323298869467,317.3323366715417,317.3323408029743,317.3323433187818,317.3323448507658,317.33234578365654,317.33234635173443,317.3323466976608,317.3323469083113,317.33234703658474,317.3323471146963,317.3323471622615,317.3323471912265,317.3323472088641,317.33234721960423,317.33234722614463
0.1534281908948226,0.4973288549035398,0.0,173.36862595182976,234.58342848991995,264.26142747738146,281.3506375916219,291.64758381152,297.9108776363045,301.72637567843407,304.05073224944476,305.46647200673345,306.32868354186536,306.85375297063047,307.17349954174665,307.3682096322308,307.4867777460443,307.55897919482186,307.6029458309147,307.62971902911534,307.6460223892719,307.65595020997296,307.66199568869075,307.66567704160815,307.6679187762549,307.66928386520476,307.6701151267621,307.67062131778835,307.6709295593429,307.6711172609247,307.67123156051474,307.6713011624671,307.6713435460988,307.6713693553204,307.6713850716685,307.6713946420312,307.67140046983786,307.6714040186407,307.6714061796605,307.6714074955971,307.67140829692914,307.6714087848946,307.6714090820376,307.67140926298106,307.67140937316447,307.67140944026073,307.6714094811185,307.67140950599827,307.6714095211491,307.67140953037455,307.6714095359928,307.6714095394137
0.4994393770595184,0.8516801646896379,0.0,90.07664075060713,174.552169282315,232.12337918274093,268.2357501512622,290.39313845778327,303.91110662668535,312.1465214573795,317.16194365202955,320.2161121422776,322.07592896631616,323.2084487183318,323.8980869943117,324.31803659125933,324.5737616098271,324.7294834250323,324.8243090767844,324.88205247214813,324.917214901434,324.93862681489776,324.9516654498236,324.9596052358597,324.96444011355493,324.96738427892507,324.9691771081291,324.97026883913156,324.9709336412178,324.9713384678808,324.97158498429695,324.97173509877655,324.97182650995893,324.97188217417124,324.97191607051144,324.9719367114548,324.97194928061623,324.97195693452113,324.97196159531353,324.9719644334708,324.97196616174784,324.9719672141702,324.971967855035,324.971968245286,324.9719684829264,324.97196862763616,324.971968715756,324.97196876941535,324.9719688020912,324.9719688219894,324.9719688341058,324.9719688414847
0.5028474348760447,0.1474648430627112,0.0,90.17200869484279,174.69349278617835,232.28010073685667,268.3980961601977,290.5583002848747,304.0780460218128,312.3146622786011,317.3308928428658,320.38559388906634,322.24575449421644,323.3784926309732,324.06826799261046,324.48830290321683,324.7440806884385,324.8998349958874,324.9946805923043,325.0524362026199,325.0876061007573,325.10902257576976,325.12206399431443,325.130005477999,325.1348413905983,325.13778618666277,325.1395794001409,325.14067136524,325.14133630991967,325.14174122343275,325.14198779274295,325.1421379394354,325.14222937023527,325.14228504639453,325.142318950009,325.1423395953834,325.1423521672425,325.14235982278944,325.14236448458286,325.1423673233501,325.14236905199743,325.1423701046455,325.1423707456484,325.1423711359828,325.14237137367456,325.1423715184143,325.1423716065535,325.14237166022514,325.14237169290806,325.14237171280996,325.1423717249286,325.142371732309
0.3058334190005935,0.8491852458800478,0.0,111.2288685723597,190.2455759696234,238.99870280085943,268.7720615254783,286.9413701825792,298.0207462233603,304.77251561222215,308.885491361759,311.3905022432328,312.9160354256003,313.84503222916766,314.4107474007852,314.7552380185357,314.96501372773815,315.09275529733645,315.1705426520472,315.21791071854034,315.2467551705733,315.2643197978363,315.2750156551712,315.2815288232132,315.2854949717992,315.28791013059083,315.28938082488884,315.2902763940585,315.2908217447462,315.29115383230067,315.2913560547365,315.2914791967009,315.2915541831549,315.29159984564177,315.2916276514994,315.2916445836856,315.29165489442545,315.2916611730784,315.29166499642156,315.2916673246203,315.2916687423603,315.2916696056843,315.29167013139937,315.29167045152974,315.2916706464709,315.2916707651784,315.2916708374656,315.2916708814838,315.29167090828884,315.2916709246112,315.2916709345502,315.29167094060364
0.6995557845750535,0.1553053266013054,0.0,125.05254278006234,208.99386273687085,258.90571260525644,288.81486315831467,306.9062494216825,317.89364528351706,324.57707517146747,328.6450248370431,331.1216768350862,332.62968377876064,333.54793873630786,334.1070945105979,334.4475862601949,334.6549258443603,334.78118376560946,334.85806765681787,334.90488558407105,334.93339504674947,334.9507556924305,334.96132734050906,334.96776487402917,334.9716849663427,334.97407207986464,334.9755256963594,334.9764108661934,334.9769498843104,334.97727811570354,334.9774779899627,334.9775997020238,334.97767381774986,334.97771895001273,334.977746432995,334.9777631685692,334.9777733595814,334.97777956532894,334.97778334427693,334.9777856454406,334.97778704671765,334.9777879000172,334.97778841962787,334.977788736041,334.97778892871816,334.97778904604803,334.9777891174949,334.97778916100225,334.9777891874955,334.97778920362884,334.97778921345343,334.97778921943546
0.7042422677599659,0.8573278833331557,0.0,126.7689253566259,210.49357173927126,259.97226076876035,289.5667314100303,307.45797506631175,318.32185833919164,324.92967517752413,328.9514540381,331.3999429972709,332.8907807414999,333.79857234423474,334.35135295405854,334.68796103712464,334.89293501174683,335.0177521153882,335.09375850120654,335.1400420209554,335.1682260350662,335.18538849022036,335.1958394467842,335.20220348395287,335.2060788202544,335.2084386795113,335.2098756995327,335.2107507629815,335.2112836268502,335.21160811064306,335.2118057028193,335.2119260252197,335.2119992947186,335.2120439116775,335.212071080869,335.21208762536173,335.2120977000166,335.2121038349087,335.2121075707093,335.2121098455994,335.2121112308787,335.2121120744346,335.212112588112,335.21211290091213,335.2121130913905,335.21211320738064,335.21211327801154,335.21211332102285,335.21211334721335,335.2121133631624,335.2121133728741,335.21211337878805
0.1489772191042085,0.2972537537179025,0.0,176.0967013526891,236.27721504594635,265.2051993526923,281.8379640460462,291.8573717222748,297.9516308803478,301.6641676546073,303.9258193704441,305.30337529882746,306.1423360904696,306.6532479372334,306.96437379815075,307.15383459405,307.2692062941827,307.3394613586029,307.3822427798015,307.4082942595745,307.4241581387024,307.43381834241455,307.4397008584686,307.44328297677123,307.4454642833456,307.44679257510876,307.44760142930426,307.44809397553564,307.44839390819163,307.44857655012834,307.4486877686845,307.4487554944629,307.448796735611,307.4488218491253,307.44883714182794,307.44884645421416,307.4488521249284,307.4488555780705,307.44885768083765,307.44885896130376,307.44885974103386,307.4488602158457,307.44886050497905,307.44886068104506,307.4488607882588,307.4488608535466,307.4488608933027,307.44886091751147,307.44886093225375,307.4488609412311,307.4488609466973,307.44886095002624
0.06264024018018977,0.3943773381395944,0.0,238.24951610509734,271.7298011744826,284.7711609315171,292.02847090300037,296.3755007624084,299.0167278075113,300.62542920581296,301.6054234197871,302.2023359819735,302.56587105878975,302.78725816324464,302.92207470919425,303.0041715986032,303.05416430951925,303.08460713802634,303.1031451227319,303.1144337115957,303.1213078236356,303.1254937681145,303.1280427706825,303.1295949684575,303.1305401687028,303.13111574193175,303.13146623331164,303.1316796626378,303.1318096289638,303.1318887710674,303.1319369641097,303.13196631093217,303.13198418147783,303.13199506362446,303.13200169023304,303.13200572546134,303.1320081826853,303.13200967899564,303.132010590163,303.1320111450121,303.13201148288385,303.13201168862855,303.1320118139157,303.1320118902075,303.13201193666555,303.13201196495584,303.132011982183,303.132011992673,303.1320119990609,303.132012002951,303.1320120053194,303.13201200676207
0.3943773381395946,0.9373597598198102,0.0,94.83247965199335,177.23916852303358,231.98303377569755,266.1134579815809,287.0404221381141,299.81174732300497,307.5947331950398,312.3355101869872,315.22271110118453,316.9809367232268,318.05161712460995,318.7036055606596,319.10063046397624,319.34239618369935,319.4896177282218,319.57926723918644,319.6338586701033,319.66710173513735,319.68734486562164,319.69967177832973,319.70717816602985,319.71174912878,319.71453258495137,319.7162275513886,319.7172596895291,319.7178882029508,319.7182709318788,319.7185039920313,319.71864591241115,319.71873233385213,319.7187849595956,319.71881700568156,319.718836519926,319.7188484029906,319.718855639102,319.71886004548196,319.71886272871626,319.7188643626547,319.7188653576295,319.71886596351305,319.71886633246106,319.71886655713,319.7188666939398,319.71886677725,319.7188668279807,319.7188668588731,319.71886687768466,319.7188668891401,319.7188668961155
0.3943773381395946,0.06264024018018965,0.0,94.82184778603866,177.2230136342396,231.96774794371544,266.1015707278465,287.0320344669741,299.8061367056865,307.5910971178949,312.3332001410353,315.2212624884331,316.9800362518353,318.0510607545557,318.7032632440917,319.1004204712396,319.34226763480956,319.4895391534362,319.57921926201266,319.633829397957,319.6670838851917,319.68733398512296,319.6996651479512,319.70717412641517,319.71174666796855,319.7145310860563,319.7162266384713,319.71725913353725,319.71788786434996,319.7182707256755,319.7185038664589,319.71864583594225,319.71873228728634,319.7187849312395,319.7188169884145,319.718836509411,319.71884839658884,319.71885563520385,319.718860043108,319.71886272727187,319.71886436177465,319.71886535709484,319.71886596318717,319.71886633226313,319.7188665570097,319.7188666938677,319.7188667772055,319.71886682795457,319.7188668588577,319.7188668776755,319.7188668891347,319.71886689611296
0.9373597598198102,0.3943773381395945,0.0,276.8139478374397,314.38473795029444,328.22597919630846,335.6864099591632,340.0891578507403,342.74611174230137,344.3593505502963,345.3406983000353,345.93803956990496,346.3017245982158,346.52317179128255,346.65801615218453,346.7401275127157,346.790128342399,346.8205759198885,346.8391167416727,346.85040704275485,346.85728219311125,346.8614687686478,346.8640181551514,346.8655705866263,346.86651592915257,346.86709158901687,346.8674421331497,346.8676555945989,346.8677855804868,346.8678647345012,346.8679129347961,346.86794228603645,346.86796015927195,346.8679710430563,346.8679776706621,346.86798170649735,346.86798416409187,346.8679856606275,346.867986571932,346.86798712686453,346.8679874647862,346.8679876705621,346.86798779586866,346.8679878721715,346.86798791863663,346.8679879469317,346.8679879641612,346.8679879746524,346.86798798104246,346.86798798493277,346.86798798730166,346.8679879887439
0.8403076542889427,0.2303150526476694,0.0,194.86720199583496,263.97050316920974,296.3345445626119,314.510960084361,325.3254005943236,331.86437317780917,335.8368034970331,338.2536708671987,339.72489204287837,340.6206508618164,341.16608259428415,341.49821039115744,341.7004549488893,341.8236097806947,341.8986039283416,341.9442710719163,341.97207976296926,341.98901367611415,341.9993254677785,342.00560476341536,342.0094284978501,342.0117569349135,342.01317482078747,342.0140382327089,342.01456400149675,342.0148841648029,342.01507912605695,342.01519784637657,342.01527014030233,342.01531416319267,342.01534097063,342.0153572948351,342.01536723534804,342.0153732885542,342.0153769746147,342.0153792192148,342.0153805860488,342.01538141837307,342.01538192521116,342.0153822338468,342.01538242178793,342.01538253623403,342.01538260592446,342.0153826483626,342.0153826742046,342.01538268994153,342.0153826995243,342.0153827053595,342.01538270891297
0.2303150526476694,0.1596923457110574,0.0,135.80805416089083,208.91066797114055,249.67148810377742,273.9058765175238,288.606009104899,297.5595756414303,303.0151828934918,306.3387274132488,308.3630369106033,309.5958676088744,310.3466336869277,310.8038201409672,311.08222449159194,311.2517580803159,311.3549947684093,311.41786016498753,311.4561416600027,311.4794529295194,311.493648173206,311.50229227187316,311.5075560374473,311.51076137180235,311.5127132383488,311.51390181417236,311.5146255893007,311.51506632721583,311.51533471155335,311.51549814235705,311.5155976624261,311.5156582644903,311.5156951677017,311.5157176396593,311.51573132380383,311.5157396566698,311.51574473091176,311.51574782083645,311.51574970242507,311.51575084820496,311.5157515459197,311.51575197078904,311.51575222951027,311.51575238705624,311.5157524829929,311.51575254141295,311.5157525769874,311.51575259865035,311.51575261184183,311.5157526198746,311.51575262476655
